0100000000000000000000
0100000000000000000000
0100000000000000000000
0100000000000000000000
0100000000000000000000
0100000000000000000000
0100000000000000000000
0100000000000000000000
0100000000000000000000
0100000000000000000000
0100000000000000000000
0100000000000000000000
0100000000000000000000
0100000000000000000000
0100000000000000000000
0100000000000000000000
0100000000000000000000
0100000000000000000000
0100000000000000000000
0100000000000000000000
0100000000000000000000
0100000000000000000000
0100000000000000000000
0100000000000000000000
0100000000000000000000
0100000000000000000000
0100000000000000000000
0100000000000000000000
0100000000000000000000
0100000000000000000000
0100000000000000000000
0100000000000000000000
0100000000000000000000
0100000000000000000000
0100000000000000000000
0100000000000000000000
0100000000000000000000
0100000000000000000000
0100000000000000000000
0100000000000000000000
0100000000000000000000
0100000000000000000000
0100000000000000000000
0100000000000000000000
0100000000000000000000
0100000000000000000000
0100000000000000000000
0100000000000000000000
0100000000000000000000
0100000000000000000000
0100000000000000000000
0100000000000000000000
0100000000000000000000
0100000000000000000000
0100000000000000000000
0100000000000000000000
0100000000000000000000
0100000000000000000000
0100000000000000000000
0100000000000000000000
0100000000000000000000
0100000000000000000000
0100000000000000000000
0100000000000000000000
0100000000000000000000
1111111111111000000000
0100000000000000000000
1111111111111000000000
0010110101011010010101
1101001010111010010101
0010110101011010010101
1101001010111010010101
0011101100111100111100
1110011110011000100110
0011101100111100111100
1110011110011000100110
0001100001111000100110
1100010011011100111100
0001100001111000100110
1100010011011100111100
0100000000000000000000
1111111111111000000000
0100000000000000000000
1111111111111000000000
0010110101011010010101
1101001010111010010101
0010110101011010010101
1101001010111010010101
0011101100111100111100
1110011110011000100110
0011101100111100111100
1110011110011000100110
0001100001111000100110
1100010011011100111100
0001100001111000100110
1100010011011100111100
0100000000000000000000
1111111111111000000000
0100000000000000000000
1111111111111000000000
0010110101011010010101
1101001010111010010101
0010110101011010010101
1101001010111010010101
0011101100111100111100
1110011110011000100110
0011101100111100111100
1110011110011000100110
0001100001111000100110
1100010011011100111100
0001100001111000100110
1100010011011100111100
0100000000000000000000
1111111111111000000000
0100000000000000000000
1111111111111000000000
0010110101011010010101
1101001010111010010101
0010110101011010010101
1101001010111010010101
0011101100111100111100
1110011110011000100110
0011101100111100111100
1110011110011000100110
0001100001111000100110
1100010011011100111100
0001100001111000100110
1100010011011100111100
