0100000000000000000000
0100000000000000000000
0100000000000000000000
0100000000000000000000
0100000000000000000000
0100000000000000000000
0100000000000000000000
0100000000000000000000
0100000000000000000000
0000000000011000000000
0100000000000000000000
0000000000011000000000
0100000000000000000000
0000000000011000000000
0100000000000000000000
0000000000011000000000
0100000000000000000000
0100000000000000000000
0100000000000000000000
0100000000000000000000
0100000000000000000000
0100000000000000000000
0100000000000000000000
0100000000000000000000
0100000000000000000000
0000000000011000000000
0100000000000000000000
0000000000011000000000
0100000000000000000000
0000000000011000000000
0100000000000000000000
0000000000011000000000
0100000000000000000000
0100000000000000000000
0100000000000000000000
0100000000000000000000
0100000000000000000000
0100000000000000000000
0100000000000000000000
0100000000000000000000
0100000000000000000000
0000000000011000000000
0100000000000000000000
0000000000011000000000
0100000000000000000000
0000000000011000000000
0100000000000000000000
0000000000011000000000
0100000000000000000000
0100000000000000000000
0100000000000000000000
0100000000000000000000
0100000000000000000000
0100000000000000000000
0100000000000000000000
0100000000000000000000
0100000000000000000000
0000000000011000000000
0100000000000000000000
0000000000011000000000
0100000000000000000000
0000000000011000000000
0100000000000000000000
0000000000011000000000
0100000000000000000000
0100000000000000000000
0100000000000000000000
0100000000000000000000
0100000000000000000000
0100000000000000000000
0100000000000000000000
0100000000000000000000
0100000000000000000000
0000000000011000000000
0100000000000000000000
0000000000011000000000
0100000000000000000000
0000000000011000000000
0100000000000000000000
0000000000011000000000
0100000000000000000000
0100000000000000000000
0100000000000000000000
0100000000000000000000
0100000000000000000000
0100000000000000000000
0100000000000000000000
0100000000000000000000
0100000000000000000000
0000000000011000000000
0100000000000000000000
0000000000011000000000
0100000000000000000000
0000000000011000000000
0100000000000000000000
0000000000011000000000
0100000000000000000000
0100000000000000000000
0100000000000000000000
0100000000000000000000
0100000000000000000000
0100000000000000000000
0100000000000000000000
0100000000000000000000
0100000000000000000000
0000000000011000000000
0100000000000000000000
0000000000011000000000
0100000000000000000000
0000000000011000000000
0100000000000000000000
0000000000011000000000
0100000000000000000000
0100000000000000000000
0100000000000000000000
0100000000000000000000
0100000000000000000000
0100000000000000000000
0100000000000000000000
0100000000000000000000
0100000000000000000000
0000000000011000000000
0100000000000000000000
0000000000011000000000
0100000000000000000000
0000000000011000000000
0100000000000000000000
0000000000011000000000
