0.000000 
3.356982 
14.913339 
-23.326796 
-8.043459 
-5.139476 
-3.854896 
-3.111748 
-2.619668 
-2.324382 
-1.998231 
-1.786942 
-1.615423 
-1.472969 
-1.352454 
-1.248942 
-1.158892 
-1.124590 
-1.009381 
-0.946438 
-0.889678 
-0.838158 
-0.791120 
-0.747943 
-0.708118 
-0.713258 
-0.636895 
-0.604840 
-0.574801 
-0.546556 
-0.519917 
-0.494718 
-0.470818 
-0.494033 
-0.426422 
-0.405718 
-0.385890 
-0.366860 
-0.348559 
-0.330925 
-0.313900 
-0.341681 
-0.281481 
-0.265997 
-0.250945 
-0.236289 
-0.221995 
-0.208035 
-0.194379 
-0.205621 
-0.167880 
-0.154989 
-0.142308 
-0.129816 
-0.117496 
-0.105328 
-0.093295 
-0.065399 
-0.069569 
-0.057843 
-0.046190 
-0.034593 
-0.023038 
-0.011512 
0.000000 
0.078825 
0.023038 
0.034593 
0.046190 
0.057843 
0.069569 
0.081381 
0.093295 
0.215116 
0.117496 
0.129816 
0.142308 
0.154989 
0.167880 
0.181002 
0.194379 
0.332388 
0.221995 
0.236289 
0.250945 
0.265997 
0.281481 
0.297434 
0.313900 
0.433688 
0.348559 
0.366860 
0.385890 
0.405718 
0.426422 
0.448089 
0.470818 
0.547083 
0.519917 
0.546556 
0.574801 
0.604840 
0.636895 
0.671220 
0.708118 
0.740544 
0.791120 
0.838158 
0.889678 
0.946438 
1.009381 
1.079694 
1.158892 
1.194103 
1.352454 
1.472969 
1.615423 
1.786942 
1.998231 
2.266239 
2.619668 
3.035040 
3.854896 
5.139476 
8.043459 
23.326796 
-14.913339 
-3.430716 
