-2.599746 
-3.045260 
-6.388050 
6.276246 
1.472871 
0.644294 
0.309892 
0.128257 
0.010340 
-0.065231 
-0.149677 
-0.215558 
-0.280121 
-0.347341 
-0.420777 
-0.504203 
-0.602213 
-0.702686 
-0.869661 
-1.062455 
-1.323627 
-1.698296 
-2.281528 
-3.314466 
-5.640899 
-15.708955 
24.637204 
7.341014 
4.460668 
3.276371 
2.631767 
2.227055 
1.949804 
1.779151 
1.595651 
1.476143 
1.380267 
1.301812 
1.236574 
1.181603 
1.134771 
1.148105 
1.059609 
1.029174 
1.002483 
0.978971 
0.958183 
0.939752 
0.923378 
0.990227 
0.895851 
0.884322 
0.874081 
0.865009 
0.857002 
0.849975 
0.843856 
0.936806 
0.834108 
0.830386 
0.827385 
0.825078 
0.823444 
0.822470 
0.822146 
0.911352 
0.823444 
0.825078 
0.827385 
0.830386 
0.834108 
0.838584 
0.843856 
0.898762 
0.857002 
0.865009 
0.874081 
0.884322 
0.895851 
0.908813 
0.923378 
0.927852 
0.958183 
0.978971 
1.002483 
1.029174 
1.059609 
1.094503 
1.134771 
1.109436 
1.236574 
1.301812 
1.380267 
1.476143 
1.595651 
1.748356 
1.949804 
2.116803 
2.631767 
3.276371 
4.460668 
7.341014 
24.637204 
-15.729477 
-5.640899 
-3.428794 
-2.281528 
-1.698296 
-1.323627 
-1.062455 
-0.869661 
-0.721007 
-0.602213 
-0.592038 
-0.420777 
-0.347341 
-0.280121 
-0.215558 
-0.149677 
-0.077169 
0.010340 
0.081680 
0.309892 
0.644294 
1.472871 
6.276246 
-6.388050 
-3.035835 
