01010011010000000000
00101100000000000000
00001010000000000000
11111000100000000000
00000111100000000000
10101001110000000000
01001011110000000000
10100011010000000000
01110011110000000000
11100101000000000000
01000010010000000000
00001100000000000000
11110101000000000000
11011011100000000000
11101110100000000000
10010000100000000000
00101111000000000000
10001110000000000000
01010011110000000000
11010100010000000000
00011111110000000000
00000000000000000000
11010000000000000000
11010100010000000000
11001000000000000000
10001110000000000000
00000111110000000000
10010000100000000000
00101100000000000000
11011011100000000000
11111000100000000000
00001100000000000000
10101001110000000000
11100101000000000000
10100011010000000000
10100011010000000000
11100101000000000000
10101001110000000000
00001100000000000000
11111000100000000000
11011011100000000000
00101100000000000000
10010000100000000000
00000111110000000000
10001110000000000000
11001000000000000000
11010100010000000000
11010000000000000000
00000000000000000000
00011111110000000000
11010100010000000000
01010011110000000000
10001110000000000000
00101111000000000000
10010000100000000000
11101110100000000000
11011011100000000000
11110101000000000000
00001100000000000000
01000010010000000000
11100101000000000000
01110011110000000000
10100011010000000000
01001011110000000000
10101001110000000000
00000111100000000000
11111000100000000000
00001010000000000000
00101100000000000000
01010011010000000000
00000111110000000000
01111111110000000000
11001000000000000000
01010011010000000000
11010000000000000000
00001010000000000000
00011111110000000000
00000111100000000000
01010011110000000000
01001011110000000000
00101111000000000000
01110011110000000000
11101110100000000000
01000010010000000000
11110101000000000000
11110101000000000000
01000010010000000000
11101110100000000000
01110011110000000000
00101111000000000000
01001011110000000000
01010011110000000000
00000111100000000000
00011111110000000000
00001010000000000000
11010000000000000000
01010011010000000000
11001000000000000000
01111111110000000000
00000111110000000000
01010011010000000000
00101100000000000000
00001010000000000000
11111000100000000000
00000111100000000000
10101001110000000000
01001011110000000000
10100011010000000000
01110011110000000000
11100101000000000000
01000010010000000000
00001100000000000000
11110101000000000000
11011011100000000000
11101110100000000000
10010000100000000000
00101111000000000000
10001110000000000000
01010011110000000000
11010100010000000000
00011111110000000000
00000000000000000000
11010000000000000000
11010100010000000000
11001000000000000000
10001110000000000000
00000111110000000000
10010000100000000000
00000000000000000000
00000000000000000000
00000000000000000000
00000000000000000000
00000000000000000000
00000000000000000000
00000000000000000000
00000000000000000000
00000000000000000000
00000000000000000000
00000000000000000000
00000000000000000000
00000000000000000000
00000000000000000000
00000000000000000000
00000000000000000000
00000000000000000000
00000000000000000000
00000000000000000000
00000000000000000000
00000000000000000000
00000000000000000000
00000000000000000000
00000000000000000000
00000000000000000000
00000000000000000000
00000000000000000000
00000000000000000000
00000000000000000000
00000000000000000000
00000000000000000000
00000000000000000000
00000000000000000000
00000000000000000000
00000000000000000000
00000000000000000000
00000000000000000000
00000000000000000000
00000000000000000000
00000000000000000000
00000000000000000000
00000000000000000000
00000000000000000000
00000000000000000000
00000000000000000000
00000000000000000000
00000000000000000000
00000000000000000000
00000000000000000000
00000000000000000000
00000000000000000000
00000000000000000000
00000000000000000000
00000000000000000000
00000000000000000000
00000000000000000000
00000000000000000000
00000000000000000000
00000000000000000000
00000000000000000000
00000000000000000000
00000000000000000000
00000000000000000000
00000000000000000000
00000000000000000000
00000000000000000000
00000000000000000000
00000000000000000000
00000000000000000000
00000000000000000000
00000000000000000000
00000000000000000000
00000000000000000000
00000000000000000000
00000000000000000000
00000000000000000000
00000000000000000000
00000000000000000000
00000000000000000000
00000000000000000000
00000000000000000000
00000000000000000000
00000000000000000000
00000000000000000000
00000000000000000000
00000000000000000000
00000000000000000000
00000000000000000000
00000000000000000000
00000000000000000000
00000000000000000000
00000000000000000000
00000000000000000000
00000000000000000000
00000000000000000000
00000000000000000000
00000000000000000000
00000000000000000000
00000000000000000000
00000000000000000000
00000000000000000000
00000000000000000000
00000000000000000000
00000000000000000000
00000000000000000000
00000000000000000000
00000000000000000000
00000000000000000000
00000000000000000000
00000000000000000000
00000000000000000000
00000000000000000000
00000000000000000000
00000000000000000000
00000000000000000000
00000000000000000000
00000000000000000000
00000000000000000000
00000000000000000000
00000000000000000000
00000000000000000000
00000000000000000000
00000000000000000000
00000000000000000000
00000000000000000000
00000000000000000000
00000000000000000000
00000000000000000000
00000000000000000000
00000000000000000000
00000000000000000000
00000000000000000000
00000000000000000000
00000000000000000000
00000000000000000000
00000000000000000000
00000000000000000000
00000000000000000000
00000000000000000000
00000000000000000000
00000000000000000000
00000000000000000000
00000000000000000000
00000000000000000000
00000000000000000000
00000000000000000000
00000000000000000000
00000000000000000000
00000000000000000000
00000000000000000000
00000000000000000000
00000000000000000000
00000000000000000000
00000000000000000000
00000000000000000000
00000000000000000000
00000000000000000000
00000000000000000000
00000000000000000000
00000000000000000000
00000000000000000000
00000000000000000000
00000000000000000000
00000000000000000000
00000000000000000000
00000000000000000000
00000000000000000000
00000000000000000000
00000000000000000000
00000000000000000000
00000000000000000000
00000000000000000000
00000000000000000000
00000000000000000000
00000000000000000000
00000000000000000000
00000000000000000000
00000000000000000000
00000000000000000000
00000000000000000000
00000000000000000000
00000000000000000000
00000000000000000000
00000000000000000000
00000000000000000000
00000000000000000000
00000000000000000000
00000000000000000000
