0000
0686
1134
1200
0882
0326
3864
3542
3601
4041
0619
1291
1724
1771
1432
0853
0270
4017
4047
0360
1002
1640
2038
2047
1671
1054
0432
0043
0033
0401
1002
1599
1956
1926
1509
0853
0193
3862
3815
0052
0619
1184
1510
1451
1007
0326
3739
3291
3226
3543
0000
0553
0870
0805
0357
3770
3089
2645
2586
2912
3477
4044
0281
0234
3903
3243
2587
2170
2140
2497
3094
3695
4063
4053
3664
3042
2425
2048
2058
2456
3094
3736
0049
0079
3826
3243
2664
2325
2372
2805
3477
0055
0495
0554
0232
3770
3214
2896
2962
3410
0000
0686
1134
1200
0882
0326
3864
3542
3601
4041
0619
1291
1724
1771
1432
0853
0270
4017
4047
0360
1002
1640
2038
2047
1671
1054
0432
0043
0033
0401
1002
1599
1956
1926
1509
0853
0193
3862
3815
0052
0619
1184
1510
1451
1007
0326
3739
3291
3226
3543
0000
0553
0870
0805
0357
3770
3089
2645
2586
2912
3477
4044
0281
0234
3903
3243
2587
2170
2140
2497
3094
3695
4063
4053
3664
3042
2425
2048
2058
2456
3094
3736
0049
0079
3826
3243
2664
2325
2372
2805
3477
0055
0495
0554
0232
3770
3214
2896
2962
3410
0000
0686
1134
1200
0882
0326
3864
3542
3601
4041
0619
1291
1724
1771
1432
0853
0270
4017
4047
0360
1002
1640
2038
2047
1671
1054
0432
0043
0033
0401
1002
1599
1956
1926
1509
0853
0193
3862
3815
0052
0619
1184
1510
1451
1007
0326
3739
3291
3226
3543
0000
0553
0870
0805
0357
3770
3089
2645
2586
2912
3477
4044
0281
0234
3903
3243
2587
2170
2140
2497
3094
3695
4063
4053
3664
3042
2425
2048
2058
2456
3094
3736
0049
0079
3826
3243
2664
2325
2372
2805
3477
0055
0495
0554
0232
3770
3214
2896
2962
3410
0000
0686
1134
1200
0882
0326
3864
3542
3601
4041
0619
1291
1724
1771
1432
0853
0270
4017
4047
0360
1002
1640
2038
2047
1671
1054
0432
0043
0033
0401
1002
1599
1956
1926
1509
0853
0193
3862
3815
0052
0619
1184
1510
1451
1007
0326
3739
3291
3226
3543
0000
0553
0870
0805
0357
3770
3089
2645
2586
2912
3477
4044
0281
0234
3903
3243
2587
2170
2140
2497
3094
3695
4063
4053
3664
3042
2425
2048
2058
2456
3094
3736
0049
0079
3826
3243
2664
2325
2372
2805
3477
0055
0495
0554
0232
3770
3214
2896
2962
3410
0000
0686
1134
1200
0882
0326
3864
3542
3601
4041
0619
1291
1724
1771
1432
0853
0270
4017
4047
0360
1002
1640
2038
2047
1671
1054
0432
0043
0033
0401
1002
1599
1956
1926
1509
0853
0193
3862
3815
0052
0619
1184
1510
1451
1007
0326
3739
3291
3226
3543
0000
0553
0870
0805
0357
3770
3089
2645
2586
2912
3477
4044
0281
0234
3903
3243
2587
2170
2140
2497
3094
3695
4063
4053
3664
3042
2425
2048
2058
2456
3094
3736
0049
0079
3826
3243
2664
2325
2372
2805
3477
0055
0495
0554
0232
3770
3214
2896
2962
3410
0000
0686
1134
1200
0882
0326
3864
3542
3601
4041
0619
1291
1724
1771
1432
0853
0270
4017
4047
0360
1002
1640
2038
2047
1671
1054
0432
0043
0033
0401
1002
1599
1956
1926
1509
0853
0193
3862
3815
0052
0619
1184
1510
1451
1007
0326
3739
3291
3226
3543
0000
0553
0870
0805
0357
3770
3089
2645
2586
2912
3477
4044
0281
0234
3903
3243
2587
2170
2140
2497
3094
3695
4063
4053
3664
3042
2425
2048
2058
2456
3094
3736
0049
0079
3826
3243
2664
2325
2372
2805
3477
0055
0495
0554
0232
3770
3214
2896
2962
3410
0000
0686
1134
1200
0882
0326
3864
3542
3601
4041
0619
1291
1724
1771
1432
0853
0270
4017
4047
0360
1002
1640
2038
2047
1671
1054
0432
0043
0033
0401
1002
1599
1956
1926
1509
0853
0193
3862
3815
0052
0619
1184
1510
1451
1007
0326
3739
3291
3226
3543
0000
0553
0870
0805
0357
3770
3089
2645
2586
2912
3477
4044
0281
0234
3903
3243
2587
2170
2140
2497
3094
3695
4063
4053
3664
3042
2425
2048
2058
2456
3094
3736
0049
0079
3826
3243
2664
2325
2372
2805
3477
0055
0495
0554
0232
3770
3214
2896
2962
3410
0000
0686
1134
1200
0882
0326
3864
3542
3601
4041
0619
1291
1724
1771
1432
0853
0270
4017
4047
0360
1002
1640
2038
2047
1671
1054
0432
0043
0033
0401
1002
1599
1956
1926
1509
0853
0193
3862
3815
0052
0619
1184
1510
1451
1007
0326
3739
3291
3226
3543
0000
0553
0870
0805
0357
3770
3089
2645
2586
2912
3477
4044
0281
0234
3903
3243
2587
2170
2140
2497
3094
3695
4063
4053
3664
3042
2425
2048
2058
2456
3094
3736
0049
0079
3826
3243
2664
2325
2372
2805
3477
0055
0495
0554
0232
3770
3214
2896
2962
3410
0000
0686
1134
1200
0882
0326
3864
3542
3601
4041
0619
1291
1724
1771
1432
0853
0270
4017
4047
0360
1002
1640
2038
2047
1671
1054
0432
0043
0033
0401
1002
1599
1956
1926
1509
0853
0193
3862
3815
0052
0619
1184
1510
1451
1007
0326
3739
3291
3226
3543
0000
0553
0870
0805
0357
3770
3089
2645
2586
2912
3477
4044
0281
0234
3903
3243
2587
2170
2140
2497
3094
3695
4063
4053
3664
3042
2425
2048
2058
2456
3094
3736
0049
0079
3826
3243
2664
2325
2372
2805
3477
0055
0495
0554
0232
3770
3214
2896
2962
3410
0000
0686
1134
1200
0882
0326
3864
3542
3601
4041
0619
1291
1724
1771
1432
0853
0270
4017
4047
0360
1002
1640
2038
2047
1671
1054
0432
0043
0033
0401
1002
1599
1956
1926
1509
0853
0193
3862
3815
0052
0619
1184
1510
1451
1007
0326
3739
3291
3226
3543
0000
0553
0870
0805
0357
3770
3089
2645
2586
2912
3477
4044
0281
0234
3903
3243
2587
2170
2140
2497
3094
3695
4063
4053
3664
3042
2425
2048
2058
2456
3094
3736
0049
0079
3826
3243
2664
2325
2372
2805
3477
0055
0495
0554
0232
3770
3214
2896
2962
3410
