000000000000000000000000
000000000000000000000000
000000000000000000000000
000000000000000000000000
000000000000000000000000
000000000000000000000000
000000000000000000000000
000000000000000000000000
000000000000000000000000
000000000000000000000000
000000000000000000000000
000000000000000000000000
000000000000000000000000
000000000000000000000000
000000000000000000000000
000000000000000000000000
000000000000000000000000
000000000000000000000000
000000000000000000000000
000000000000000000000000
000000000000000000000000
000000000000000000000000
000000000000000000000000
000000000000000000000000
000000000000000000000000
000000000000000000000000
000000000000000000000000
000000000000000000000000
000000000000000000000000
000000000000000000000000
000000000000000000000000
000000000000000000000000
000000000000000000000000
000000000000000000000000
000000000000000000000000
000000000000000000000000
000000000000000000000000
000000000000000000000000
000000000000000000000000
000000000000000000000000
000000000000000000000000
000000000000000000000000
000000000000000000000000
000000000000000000000000
000000000000000000000000
000000000000000000000000
000000000000000000000000
000000000000000000000000
000000000000000000000000
000000000000000000000000
000000000000000000000000
000000000000000000000000
000000000000000000000000
000000000000000000000000
000000000000000000000000
000000000000000000000000
000000000000000000000000
000000000000000000000000
000000000000000000000000
000000000000000000000000
000000000000000000000000
000000000000000000000000
000000000000000000000000
000000000000000000000000
000000000000000000000000
000000000000000000000000
000000000000000000000000
000000000000000000000000
000000000000000000000000
000000000000000000000000
000000000000000000000000
000000000000000000000000
000000000000000000000000
000000000000000000000000
000000000000000000000000
000000000000000000000000
000000000000000000000000
000000000000000000000000
000000000000000000000000
000000000000000000000000
000000000000000000000000
000000000000000000000000
000000000000000000000000
000000000000000000000000
000000000000000000000000
000000000000000000000000
000000000000000000000000
000000000000000000000000
000000000000000000000000
000000000000000000000000
000000000000000000000000
000000000000000000000000
000000000000000000000000
000000000000000000000000
000000000000000000000000
000000000000000000000000
000000000000000000000000
000000000000000000000000
000000000000000000000000
000000000000000000000000
000000000000000000000000
000000000000000000000000
000000000000000000000000
000000000000000000000000
000000000000000000000000
000000000000000000000000
000000000000000000000000
000000000000000000000000
000000000000000000000000
000000000000000000000000
000000000000000000000000
000000000000000000000000
000000000000000000000000
000000000000000000000000
000000000000000000000000
000000000000000000000000
000000000000000000000000
000000000000000000000000
000000000000000000000000
000000000000000000000000
000000000000000000000000
000000000000000000000000
000000000000000000000000
000000000000000000000000
000000000000000000000000
000000000000000000000000
000000000000000000000000
000000000000000000000000
000000000000000000000000
000000000000000000000000
000000000000000000000000
000000000000000000000000
000000000000000000000000
000000000000000000000000
000000000000000000000000
000000000000000000000000
000000000000000000000000
000000000000000000000000
000000000000000000000000
000000000000000000000000
000000000000000000000000
000000000000000000000000
000000000000000000000000
000000000000000000000000
000000000000000000000000
000000000000000000000000
000000000000000000000000
000000000000000000000000
000000000000000000000000
000000000000000000000000
000000000000000000000000
000000000000000000000000
000000000000000000000000
000000000000000000000000
000000000000000000000000
000000000000000000000000
000000000000000000000000
000000000000000000000000
000000000000000000000000
000000000000000000000000
000000000000000000000000
000000000000000000000000
000000000000000000000000
000000000000000000000000
000000000000000000000000
000000000000000000000000
000000000000000000000000
000000000000000000000000
000000000000000000000000
000000000000000000000000
000000000000000000000000
000000000000000000000000
000000000000000000000000
000000000000000000000000
000000000000000000000000
000000000000000000000000
000000000000000000000000
000000000000000000000000
000000000000000000000000
000000000000000000000000
000000000000000000000000
000000000000000000000000
000000000000000000000000
000000000000000000000000
000000000000000000000000
000000000000000000000000
000000000000000000000000
000000000000000000000000
111101010001000000000000
000000110100000000000000
111100111100000011011000
000000111010000000000101
111111011001111110110101
000000111011000000001100
111111010010111110111000
000000111011000000010101
111111111111111101011000
000000110110000000000101
111111111010111101101011
000000111001000000001101
111010010101111111010010
000001001001000000010011
110000001111111111010101
000001000111000000011001
000001011101110111111100
000000110101000000000010
000000100111111010110100
000000110110000000000011
111110101010111111000110
000000111111000000010000
111110010011111111001010
000001000011000000010000
111111101101111110011001
000000110111000000001001
111111101000111110100010
000000111010000000001001
000100011110111111011010
000001011001000000011000
000011010000111111011011
000001011111000000011001
111001101000001110111011
000000110100000000000010
000110010000101000100111
000000110100000000000001
111111000111111110111110
000000111100000000001110
111110111100111111000011
000000111110000000001111
111111110101111101111111
000000110110000000000111
111111110011111110001110
000000110111000000001000
011000101100111111010010
000001001111000000010111
000111010111111111010111
000001010100000000010111
000000010101111100001010
000000110101000000000100
000000001001111100111001
000000110101000000000101
111101101110111111001101
000001000100000000010001
111100101011111111001111
000001000110000000010011
111111100100111110101010
000000111001000000001010
111111011111111110110001
000000111010000000001011
000010101010111111011110
000001100101000000011100
000010001111111111100000
000001101111000000011100
000001111100111111100001
000001111101000000011110
000001110001111111100000
000010000111000000100010
000000111011111111110011
111111011001000001001010
000000111111111111110010
111111011001000001001010
000001001001111111101100
111010010110000000101101
000001001010111111101001
111100100100000000110000
000000110110111111111001
111111111111000010100111
000000111100111111111010
000000000110000011000011
000001011000111111100111
000100011110000000100100
000001010010111111101000
000111010111000000100110
000000110111111111110110
111111101110000001100111
000000110111111111110111
111111110010000001110010
000000111111111111101111
111110101010000000111001
000000111110111111110000
111110111011000000111101
000000110100111111111101
000001011110001000000100
000000110100111111111101
000110010100010111011010
000001100110111111100101
000010101000000000100001
000001011110111111100110
000011010010000000100011
000000111001111111110101
111111100100000001010110
000000111010111111110110
111111101001000001011101
000001000100111111101110
111101101110000000110011
000001000011111111101111
111110010011000000110101
000000110100111111111100
000000010011000011110110
000000110101111111111100
000000100111000101001010
000001010000111111101011
011000101010000000100111
000001001011111111101010
110000001110000000101100
000000110110111111111000
111111110101000001111111
000000110110111111111001
111111111010000010010001
000000111101111111110001
111111000101000001000000
000000111100111111110010
111111010010000001000110
000000110101111111111110
111001100101110001000010
000000110100111111111111
111100111011111100100010
