000000000000000000000000000000
000000000000000000000000000000
000000000000000000000000000000
000000000000000000000000000000
000000000000000000000000000000
000000000000000000000000000000
000000000000000000000000000000
000000000000000000000000000000
000000000000000000000000000000
000000000000000000000000000000
000000000000000000000000000000
000000000000000000000000000000
000000000000000000000000000000
000000000000000000000000000000
000000000000000000000000000000
000000000000000000000000000000
000000000000000000000000000000
000000000000000000000000000000
000000000000000000000000000000
000000000000000000000000000000
000000000000000000000000000000
000000000000000000000000000000
000000000000000000000000000000
000000000000000000000000000000
000000000000000000000000000000
000000000000000000000000000000
000000000000000000000000000000
000000000000000000000000000000
000000000000000000000000000000
000000000000000000000000000000
000000000000000000000000000000
000000000000000000000000000000
000000000000000000000000000000
000000000000000000000000000000
000000000000000000000000000000
000000000000000000000000000000
000000000000000000000000000000
000000000000000000000000000000
000000000000000000000000000000
000000000000000000000000000000
000000000000000000000000000000
000000000000000000000000000000
000000000000000000000000000000
000000000000000000000000000000
000000000000000000000000000000
000000000000000000000000000000
000000000000000000000000000000
000000000000000000000000000000
000000000000000000000000000000
000000000000000000000000000000
000000000000000000000000000000
000000000000000000000000000000
000000000000000000000000000000
000000000000000000000000000000
000000000000000000000000000000
000000000000000000000000000000
000000000000000000000000000000
000000000000000000000000000000
000000000000000000000000000000
000000000000000000000000000000
000000000000000000000000000000
000000000000000000000000000000
000000000000000000000000000000
000000000000000000000000000000
000011000010000000000000000000
001100111000000000000000000000



real
00000000010011101000000000000000000
     000010011101000
     000010011101000



imag
00011001110011011000000000000000000
     000101110111000
     001110011011000









000010011101000111010001001000








000011000010000000000000000000
110011001000000000000000000000
000101110111000000010011101000
000101110111000111101100011000
000111010000000000000000000000
000011110110000000000000000000
001000111011000001000101101000
001000111011000110111010011000
111111011111000000000000000000
111010100101000000000000000000
000001100110000111110011111000
000001100110000000001100001000
000101111111000000000000000000
110001101001000000000000000000
001010000100000000100010011000
001010000100000111011101101000
000000100111000000000000000000
000011010111000000000000000000
000001111111000000000000000000
000001111111000000000000000000
111111100011000000000000000000
101011001101000000000000000000
000011101000000111011101101000
000011101000000000100010011000
000010111011000000000000000000
111110000001000000000000000000
000101000010000000001100001000
000101000010000111110011111000
111010101000000000000000000000
000000000000000001000110010000
110111001101100111100011110001
001000110010111111100011101001
000000111000000000000000000000
000000000000000001111000010000
000000111000010111011101000111
111111000111010111011101000101
111011100011000000000000000000
000000000000000111010100111000
111000010010011111111011011001
000111101110001111111011010011
111010111011000000000000000000
000000000000000010000001011000
110111000111001111100010000110
001000111001010111100001111101
111111000001000000000000000000
000000000000000111011000011000
111101011101111000000010001111
000010100010010000000010001101
110111101000000000000000000000
000000000000000000000000000000
110001110000000000000000001010
001110010001001000000000000000
111111000001000000000000000000
000000000000000000100111101000
111101011101110111111101110100
000010100010010111111101110010
111010111011000000000000000000
000000000000000101111110101000
110111000111110000011110000110
001000111001010000011110000010
000000010100000000000000000000
000000000000000000000000000000
000001000110000000001000110000
000001000110000111110111010000
000111011010000000000000000000
110110011110000000000000000000
001010100010000000111100000000
001010100010000111000100000000
000010100001000000000000000000
000111010001000000000000000000
000011011001000000011101000000
000011011001000111100011000000
000001111010000000000000000000
101101111110000000000000000000
000101111000000111111100000000
000101111000000000000100000000
000101100011000000000000000000
111111011101000000000000000000
000111111110000000101001111000
000111111110000111010110001000
111101010100000000000000000000
110111001110000000000000000000
111111101111000111010110001000
111111101111000000101001111000
000011011111000000000000000000
101111100011000000000000000000
000111011101000000000100000000
000111011101000111111100000000
111101111010000000000000000000
000010101010000000000000000000
111110110010000111100011000000
111110110010000000011101000000
111100111000000000000000000000
000000000000000010100000100000
111010101011101111010101100101
000101010100010111010101011101
000000011100000000000000000000
000000000000000111111111000000
000000000101100111110010111001
111111111010010111110010111000
111000011101000000000000000000
000000000000000000101011011000
110011010000111111101110101101
001100110000000111101110100010
111111001010000000000000000000
000000000000000001010101000000
111101110010001111101011010100
000010001101110111101011010000
111010011100000000000000000000
000000000000000110101011100000
110110001100110000001011111101
001001110100001000001011111000
111010011100000000000000000000
000000000000000001010100100000
110110001100100111110100001111
001001110100001111110100000111
111111001010000000000000000000
000000000000000110101011000000
111101110010101000010100101110
000010001101110000010100101111
111000011101000000000000000000
000000000000000111010100101000
110011010001010000010001100100
001100110000000000010001011101
000000000000000000000000000000
000000000000000000000000000000
000000000000000000000000000000
000000000000000000000000000000
000000000000000000000000000000
000000000000000000000000000000
000000000000000000000000000000
000000000000000000000000000000
000000000000000000000000000000
000000000000000000000000000000
000000000000000000000000000000
000000000000000000000000000000
000000000000000000000000000000
000000000000000000000000000000
000000000000000000000000000000
000000000000000000000000000000
000000000000000000000000000000
000000000000000000000000000000
000000000000000000000000000000
000000000000000000000000000000
000000000000000000000000000000
000000000000000000000000000000
000000000000000000000000000000
000000000000000000000000000000
000000000000000000000000000000
000000000000000000000000000000
000000000000000000000000000000
000000000000000000000000000000
000000000000000000000000000000
000000000000000000000000000000
000000000000000000000000000000
000000000000000000000000000000
000000000000000000000000000000
000000000000000000000000000000
000000000000000000000000000000
000000000000000000000000000000
000000000000000000000000000000
000000000000000000000000000000
000000000000000000000000000000
000000000000000000000000000000
000000000000000000000000000000
000000000000000000000000000000
000000000000000000000000000000
000000000000000000000000000000
000000000000000000000000000000
000000000000000000000000000000
000000000000000000000000000000
000000000000000000000000000000
000000000000000000000000000000
000000000000000000000000000000
000000000000000000000000000000
000000000000000000000000000000
000000000000000000000000000000
000000000000000000000000000000
000000000000000000000000000000
000000000000000000000000000000
000000000000000000000000000000
000000000000000000000000000000
000000000000000000000000000000
000000000000000000000000000000
000000000000000000000000000000
000000000000000000000000000000
000000000000000000000000000000
000000000000000000000000000000
000000000000000000000000000000
000000000000000000000000000000
000000000000000000000000000000
000000000000000000000000000000
000000000000000000000000000000
000000000000000000000000000000
000000000000000000000000000000
000000000000000000000000000000
000000000000000000000000000000
000000000000000000000000000000
000000000000000000000000000000
000000000000000000000000000000
000000000000000000000000000000
000000000000000000000000000000
000000000000000000000000000000
000000000000000000000000000000
000000000000000000000000000000
000000000000000000000000000000
000000000000000000000000000000
000000000000000000000000000000
000000000000000000000000000000
000000000000000000000000000000
000000000000000000000000000000
000000000000000000000000000000
000000000000000000000000000000
000000000000000000000000000000
000000000000000000000000000000
000000000000000000000000000000
000000000000000000000000000000
000000000000000000000000000000
000000000000000000000000000000
000000000000000000000000000000
000000000000000000000000000000
000000000000000000000000000000
000000000000000000000000000000
000000000000000000000000000000
000000000000000000000000000000
000000000000000000000000000000
000000000000000000000000000000
000000000000000000000000000000
000000000000000000000000000000
000000000000000000000000000000
000000000000000000000000000000
000000000000000000000000000000
000000000000000000000000000000
000000000000000000000000000000
000000000000000000000000000000
000000000000000000000000000000
000000000000000000000000000000
000000000000000000000000000000
000000000000000000000000000000
000000000000000000000000000000
000000000000000000000000000000
000000000000000000000000000000
000000000000000000000000000000
000000000000000000000000000000
000000000000000000000000000000
000000000000000000000000000000
000000000000000000000000000000
000000000000000000000000000000
