000000000000000000000000
0000000000000000000000000000000000000000000000
0000000000000000000000000000000000000000000000000000000000000000000000
0000000000000000000000000000000000000000000000000000000000000000000000
000000000000000000000000
0000000000000000000000000000000000000000000000
0000000000000000000000000000000000000000000000000000000000000000000000
0000000000000000000000000000000000000000000000000000000000000000000000
000000000000000000000000
0000000000000000000000000000000000000000000000
0000000000000000000000000000000000000000000000000000000000000000000000
0000000000000000000000000000000000000000000000000000000000000000000000
000000000000000000000000
0000000000000000000000000000000000000000000000
0000000000000000000000000000000000000000000000000000000000000000000000
0000000000000000000000000000000000000000000000000000000000000000000000
000000000000000000000000
0000000000000000000000000000000000000000000000
0000000000000000000000000000000000000000000000000000000000000000000000
0000000000000000000000000000000000000000000000000000000000000000000000
000000000000000000000000
0000000000000000000000000000000000000000000000
0000000000000000000000000000000000000000000000000000000000000000000000
0000000000000000000000000000000000000000000000000000000000000000000000
000000000000000000000000
0000000000000000000000000000000000000000000000
0000000000000000000000000000000000000000000000000000000000000000000000
0000000000000000000000000000000000000000000000000000000000000000000000
000000000000000000000000
0000000000000000000000000000000000000000000000
0000000000000000000000000000000000000000000000000000000000000000000000
0000000000000000000000000000000000000000000000000000000000000000000000
000000000000000000000000
0000000000000000000000000000000000000000000000
0000000000000000000000000000000000000000000000000000000000000000000000
0000000000000000000000000000000000000000000000000000000000000000000000
000000000000000000000000
0000000000000000000000000000000000000000000000
0000000000000000000000000000000000000000000000000000000000000000000000
0000000000000000000000000000000000000000000000000000000000000000000000
000000000000000000000000
0000000000000000000000000000000000000000000000
0000000000000000000000000000000000000000000000000000000000000000000000
0000000000000000000000000000000000000000000000000000000000000000000000
000000000000000000000000
0000000000000000000000000000000000000000000000
0000000000000000000000000000000000000000000000000000000000000000000000
0000000000000000000000000000000000000000000000000000000000000000000000
000000000000000000000000
0000000000000000000000000000000000000000000000
0000000000000000000000000000000000000000000000000000000000000000000000
0000000000000000000000000000000000000000000000000000000000000000000000
000000000000000000000000
0000000000000000000000000000000000000000000000
0000000000000000000000000000000000000000000000000000000000000000000000
0000000000000000000000000000000000000000000000000000000000000000000000
000000000000000000000000
0000000000000000000000000000000000000000000000
0000000000000000000000000000000000000000000000000000000000000000000000
0000000000000000000000000000000000000000000000000000000000000000000000
000000000000000000000000
0000000000000000000000000000000000000000000000
0000000000000000000000000000000000000000000000000000000000000000000000
0000000000000000000000000000000000000000000000000000000000000000000000
000011000010000000000000
0000110011100000000000000000000000000000000000
0000000001001110100000000000000000000000000101110111000000000000000000



0000000001001110100000000000000000011111111010001001000000000000000000
000011000010000000000000
1111001100100000000000000000000000000000000000
0000000010111011100000000000000000000000000010011101000000000000000000
0000000010111011100000000000000000011111111101100011000000000000000000
000111010000000000000000
0000001111011000000000000000000000000000000000
0000000100011101100000000000000000000000001000101101000000000000000000
0000000100011101100000000000000000011111110111010011000000000000000000
111111011111000000000000
1111101010010100000000000000000000000000000000
0000000000110011000000000000000000011111111110011111000000000000000000
0000000000110011000000000000000000000000000001100001000000000000000000
000101111111000000000000
1111000110100100000000000000000000000000000000
0000000101000010000000000000000000000000000100010011000000000000000000
0000000101000010000000000000000000011111111011101101000000000000000000
000000100111000000000000
0000001101011100000000000000000000000000000000
0000000000111111100000000000000000000000000000000000000000000000000000
0000000000111111100000000000000000000000000000000000000000000000000000
111111100011000000000000
1110101100110100000000000000000000000000000000
0000000001110100000000000000000000011111111011101101000000000000000000
0000000001110100000000000000000000000000000100010011000000000000000000
000010111011000000000000
1111111000000100000000000000000000000000000000
0000000010100001000000000000000000000000000001100001000000000000000000
0000000010100001000000000000000000011111111110011111000000000000000000
111010101000000000000000
0000000000000000000000000001000110010000000000
1111111011100110110000111100000000011111111100011110001101101000000000
0000000100011001011101111000000000011111111100011101001000000000000000
000000111000000000000000
0000000000000000000000000001111000010000000000
0000000000011100001000001100000000011111111011101000111101111000000000
1111111111100011101001000000000000011111111011101000101010010000000000
111011100011000000000000
0000000000000000000000011111010100111000000000
1111111100001001001110111100000000011111111111011011001010000000000000
0000000011110111000101001100000000011111111111011010011011001000000000
111010111011000000000000
0000000000000000000000000010000001011000000000
1111111011100011100100011100000000011111111100010000110001010000000000
0000000100011100101010000100000000011111111100001111101001111000000000
111111000001000000000000
0000000000000000000000011111011000011000000000
1111111110101110111100100000000000000000000000010001111011001000000000
0000000001010001001011011100000000000000000000010001101110011000000000
110111101000000000000000
0000000000000000000000000000000000000000000000
1111111000111000000010110000000000000000000000000001010000100000000000
0000000111001000100101100000000000000000000000000000000000000000000000
111111000001000000000000
0000000000000000000000000000100111101000000000
1111111110101110111010111100000000011111111111101110100001100000000000
0000000001010001001011011100000000011111111111101110010001101000000000
111010111011000000000000
0000000000000000000000011101111110101000000000
1111111011100011111001101000000000000000000011110000110011001000000000
0000000100011100101010000100000000000000000011110000010110001000000000
000000010100000000000000
0000000000000000000000000000000000000000000000
0000000000100011000000000000000000000000000001000110000000000000000000
0000000000100011000000000000000000011111111110111010000000000000000000
000111011010000000000000
1111011001111000000000000000000000000000000000
0000000101010001000000000000000000000000000111100000000000000000000000
0000000101010001000000000000000000011111111000100000000000000000000000
000010100001000000000000
0000011101000100000000000000000000000000000000
0000000001101100100000000000000000000000000011101000000000000000000000
0000000001101100100000000000000000011111111100011000000000000000000000
000001111010000000000000
1110110111111000000000000000000000000000000000
0000000010111100000000000000000000011111111111100000000000000000000000
0000000010111100000000000000000000000000000000100000000000000000000000
000101100011000000000000
1111111101110100000000000000000000000000000000
0000000011111111000000000000000000000000000101001111000000000000000000
0000000011111111000000000000000000011111111010110001000000000000000000
111101010100000000000000
1111011100111000000000000000000000000000000000
1111111111110111100000000000000000011111111010110001000000000000000000
1111111111110111100000000000000000000000000101001111000000000000000000
000011011111000000000000
1110111110001100000000000000000000000000000000
0000000011101110100000000000000000000000000000100000000000000000000000
0000000011101110100000000000000000011111111111100000000000000000000000
111101111010000000000000
0000001010101000000000000000000000000000000000
1111111111011001000000000000000000011111111100011000000000000000000000
1111111111011001000000000000000000000000000011101000000000000000000000
111100111000000000000000
0000000000000000000000000010100000100000000000
1111111101010101110110000000000000011111111010101100101000000000000000
0000000010101010001010000000000000011111111010101011101100000000000000
000000011100000000000000
0000000000000000000000011111111111000000000000
0000000000000010110000101000000000011111111110010111001101010000000000
1111111111111101001010100000000000011111111110010111000100100000000000
111000011101000000000000
0000000000000000000000000000101011011000000000
1111111001101000011100100000000000011111111101110101101001011000000000
0000000110011000000001010100000000011111111101110100010101001000000000
111111001010000000000000
0000000000000000000000000001010101000000000000
1111111110111001000101011100000000011111111101011010100001011000000000
0000000001000110111001100000000000011111111101011010000110010000000000
111010011100000000000000
0000000000000000000000011110101011100000000000
1111111011000110011010110000000000000000000001011111101111010000000000
0000000100111010000101001000000000000000000001011111000000010000000000
111010011100000000000000
0000000000000000000000000001010100100000000000
1111111011000110010010011000000000011111111110100001111111100000000000
0000000100111010000101001000000000011111111110100000111111110000000000
111111001010000000000000
0000000000000000000000011110101011000000000000
1111111110111001010100000100000000000000000010100101110111101000000000
0000000001000110111001100000000000000000000010100101111001110000000000
111000011101000000000000
0000000000000000000000011111010100101000000000
1111111001101000101000110100000000000000000010001100100110100000000000
0000000110011000000001010100000000000000000010001011101010111000000000
000000000000000000000000
0000000000000000000000000000000000000000000000
0000000000000000000000000000000000000000000000000000000000000000000000
0000000000000000000000000000000000000000000000000000000000000000000000
000000000000000000000000
0000000000000000000000000000000000000000000000
0000000000000000000000000000000000000000000000000000000000000000000000
0000000000000000000000000000000000000000000000000000000000000000000000
000000000000000000000000
0000000000000000000000000000000000000000000000
0000000000000000000000000000000000000000000000000000000000000000000000
0000000000000000000000000000000000000000000000000000000000000000000000
000000000000000000000000
0000000000000000000000000000000000000000000000
0000000000000000000000000000000000000000000000000000000000000000000000
0000000000000000000000000000000000000000000000000000000000000000000000
000000000000000000000000
0000000000000000000000000000000000000000000000
0000000000000000000000000000000000000000000000000000000000000000000000
0000000000000000000000000000000000000000000000000000000000000000000000
000000000000000000000000
0000000000000000000000000000000000000000000000
0000000000000000000000000000000000000000000000000000000000000000000000
0000000000000000000000000000000000000000000000000000000000000000000000
000000000000000000000000
0000000000000000000000000000000000000000000000
0000000000000000000000000000000000000000000000000000000000000000000000
0000000000000000000000000000000000000000000000000000000000000000000000
000000000000000000000000
0000000000000000000000000000000000000000000000
0000000000000000000000000000000000000000000000000000000000000000000000
0000000000000000000000000000000000000000000000000000000000000000000000
000000000000000000000000
0000000000000000000000000000000000000000000000
0000000000000000000000000000000000000000000000000000000000000000000000
0000000000000000000000000000000000000000000000000000000000000000000000
000000000000000000000000
0000000000000000000000000000000000000000000000
0000000000000000000000000000000000000000000000000000000000000000000000
0000000000000000000000000000000000000000000000000000000000000000000000
000000000000000000000000
0000000000000000000000000000000000000000000000
0000000000000000000000000000000000000000000000000000000000000000000000
0000000000000000000000000000000000000000000000000000000000000000000000
000000000000000000000000
0000000000000000000000000000000000000000000000
0000000000000000000000000000000000000000000000000000000000000000000000
0000000000000000000000000000000000000000000000000000000000000000000000
000000000000000000000000
0000000000000000000000000000000000000000000000
0000000000000000000000000000000000000000000000000000000000000000000000
0000000000000000000000000000000000000000000000000000000000000000000000
000000000000000000000000
0000000000000000000000000000000000000000000000
0000000000000000000000000000000000000000000000000000000000000000000000
0000000000000000000000000000000000000000000000000000000000000000000000
000000000000000000000000
0000000000000000000000000000000000000000000000
0000000000000000000000000000000000000000000000000000000000000000000000
0000000000000000000000000000000000000000000000000000000000000000000000
000000000000000000000000
0000000000000000000000000000000000000000000000
0000000000000000000000000000000000000000000000000000000000000000000000
0000000000000000000000000000000000000000000000000000000000000000000000
000000000000000000000000
0000000000000000000000000000000000000000000000
0000000000000000000000000000000000000000000000000000000000000000000000
0000000000000000000000000000000000000000000000000000000000000000000000
000000000000000000000000
0000000000000000000000000000000000000000000000
0000000000000000000000000000000000000000000000000000000000000000000000
0000000000000000000000000000000000000000000000000000000000000000000000
000000000000000000000000
0000000000000000000000000000000000000000000000
0000000000000000000000000000000000000000000000000000000000000000000000
0000000000000000000000000000000000000000000000000000000000000000000000
000000000000000000000000
0000000000000000000000000000000000000000000000
0000000000000000000000000000000000000000000000000000000000000000000000
0000000000000000000000000000000000000000000000000000000000000000000000
000000000000000000000000
0000000000000000000000000000000000000000000000
0000000000000000000000000000000000000000000000000000000000000000000000
0000000000000000000000000000000000000000000000000000000000000000000000
000000000000000000000000
0000000000000000000000000000000000000000000000
0000000000000000000000000000000000000000000000000000000000000000000000
0000000000000000000000000000000000000000000000000000000000000000000000
000000000000000000000000
0000000000000000000000000000000000000000000000
0000000000000000000000000000000000000000000000000000000000000000000000
0000000000000000000000000000000000000000000000000000000000000000000000
000000000000000000000000
0000000000000000000000000000000000000000000000
0000000000000000000000000000000000000000000000000000000000000000000000
0000000000000000000000000000000000000000000000000000000000000000000000
000000000000000000000000
0000000000000000000000000000000000000000000000
0000000000000000000000000000000000000000000000000000000000000000000000
0000000000000000000000000000000000000000000000000000000000000000000000
000000000000000000000000
0000000000000000000000000000000000000000000000
0000000000000000000000000000000000000000000000000000000000000000000000
0000000000000000000000000000000000000000000000000000000000000000000000
000000000000000000000000
0000000000000000000000000000000000000000000000
0000000000000000000000000000000000000000000000000000000000000000000000
0000000000000000000000000000000000000000000000000000000000000000000000
000000000000000000000000
0000000000000000000000000000000000000000000000
0000000000000000000000000000000000000000000000000000000000000000000000
0000000000000000000000000000000000000000000000000000000000000000000000
000000000000000000000000
0000000000000000000000000000000000000000000000
0000000000000000000000000000000000000000000000000000000000000000000000
0000000000000000000000000000000000000000000000000000000000000000000000
000000000000000000000000
0000000000000000000000000000000000000000000000
0000000000000000000000000000000000000000000000000000000000000000000000
0000000000000000000000000000000000000000000000000000000000000000000000
000000000000000000000000
0000000000000000000000000000000000000000000000
0000000000000000000000000000000000000000000000000000000000000000000000
0000000000000000000000000000000000000000000000000000000000000000000000
