00000000000000000000
00000000000000000000
00000000000000000000
00000000000000000000
00000000000000000000
00000000000000000000
00000000000000000000
00000000000000000000
00000000000000000000
00000000000000000000
00000000000000000000
00000000000000000000
00000000000000000000
00000000000000000000
00000000000000000000
00000000000000000000
00000000000000000000
00000000000000000000
00000000000000000000
00000000000000000000
00000000000000000000
00000000000000000000
00000000000000000000
00000000000000000000
00000000000000000000
00000000000000000000
00000000000000000000
00000000000000000000
00000000000000000000
00000000000000000000
00000000000000000000
00000000000000000000
00000000000000000000
00000000000000000000
00000000000000000000
00000000000000000000
00000000000000000000
00000000000000000000
00000000000000000000
00000000000000000000
00000000000000000000
00000000000000000000
00000000000000000000
00000000000000000000
00000000000000000000
00000000000000000000
00000000000000000000
00000000000000000000
00000000000000000000
00000000000000000000
00000000000000000000
00000000000000000000
00000000000000000000
00000000000000000000
00000000000000000000
00000000000000000000
00000000000000000000
00000000000000000000
00000000000000000000
00000000000000000000
00000000000000000000
00000000000000000000
00000000000000000000
00000000000000000000
00000000000000000000
00000000000000000000
00000000000000000000
00000000000000000000
00000000000000000000
00000000000000000000
00000000000000000000
00000000000000000000
00000000000000000000
00000000000000000000
00000000000000000000
00000000000000000000
00000000000000000000
00000000000000000000
00000000000000000000
00000000000000000000
00000000000000000000
00000000000000000000
00000000000000000000
00000000000000000000
00000000000000000000
00000000000000000000
00000000000000000000
00000000000000000000
00000000000000000000
00000000000000000000
00000000000000000000
00000000000000000000
00000000000000000000
00000000000000000000
00000000000000000000
00000000000000000000
00000000000000000000
00000000000000000000
00000000000000000000
00000000000000000000
00000000000000000000
00000000000000000000
00000000000000000000
00000000000000000000
00000000000000000000
00000000000000000000
00000000000000000000
00000000000000000000
00000000000000000000
00000000000000000000
00000000000000000000
00000000000000000000
00000000000000000000
00000000000000000000
00000000000000000000
00000000000000000000
00000000000000000000
00000000000000000000
00000000000000000000
00000000000000000000
00000000000000000000
00000000000000000000
00000000000000000000
00000000000000000000
00000000000000000000
00000000000000000000
00000000000000000000
00000000000000000000
00000000000000000000
00000000000000000000
00000000000000000000
00000000000000000000
00000000000000000000
00000000000000000000
00000000000000000000
00000000000000000000
00000000000000000000
00000000000000000000
00000000000000000000
00000000000000000000
00000000000000000000
00000000000000000000
00000000000000000000
00000000000000000000
00000000000000000000
00000000000000000000
00000000000000000000
00000000000000000000
00000000000000000000
00000000000000000000
00000000000000000000
00000000000000000000
00000000000000000000
00000000000000000000
00000000000000000000
00000000000000000000
00000000000000000000
00000000000000000000
00000000000000000000
00000000000000000000
00000000000000000000
00000000000000000000
00000000000000000000
00000000000000000000
00000000000000000000
00000000000000000000
00000000000000000000
00000000000000000000
00000000000000000000
00000000000000000000
00000000000000000000
00000000000000000000
00000000000000000000
00000000000000000000
00000000000000000000
00000000000000000000
00000000000000000000
00000000000000000000
00000000000000000000
00000000000000000000
00000000000000000000
00000000000000000000
00000000000000000000
00000000000000000000
00000000000000000000
00000000000000000000
00000000000000000000
00000000000000000000
11110101000000000000
00000011010000000000
11110011110000110110
00000011100000000001
11111101101111101101
00000011100000000011
11111101001111101110
00000011100000000101
11111111111111010110
00000011010000000001
11111111101111011010
00000011100000000011
11101001011111110100
00000100100000000100
11000000111111110101
00000100010000000110
00000101111101111111
00000011010000000000
00000010011110101101
00000011010000000000
11111010101111110001
00000011110000000100
11111001001111110010
00000100000000000100
11111110111111100110
00000011010000000010
11111110101111101000
00000011100000000010
00010001111111110110
00000101100000000110
00001101001111110110
00000101110000000110
11100110100011101110
00000011010000000000
00011001001010001001
00000011010000000000
11111100011111101111
00000011110000000011
11111011111111110000
00000011110000000011
11111111011111011111
00000011010000000001
11111111001111100011
00000011010000000010
01100010111111110100
00000100110000000101
00011101011111110101
00000101010000000101
00000001011111000010
00000011010000000001
00000000101111001110
00000011010000000001
11110110111111110011
00000100010000000100
11110010101111110011
00000100010000000100
11111110011111101010
00000011100000000010
11111101111111101100
00000011100000000010
00001010101111110111
00000110010000000111
00001000111111111000
00000110110000000111
00000111111111111000
00000111110000000111
00000111001111111000
00001000010000001000
00000011101111111100
11111101100000010010
00000011111111111100
11111101100000010010
00000100101111111011
11101001010000001011
00000100101111111010
11110010010000001100
00000011011111111110
11111111110000101001
00000011111111111110
00000000010000110000
00000101101111111001
00010001110000001001
00000101001111111010
00011101010000001001
00000011011111111101
11111110110000011001
00000011011111111101
11111111000000011100
00000011111111111011
11111010100000001110
00000011111111111100
11111011100000001111
00000011011111111111
00000101110010000001
00000011011111111111
00011001010101110110
00000110011111111001
00001010100000001000
00000101111111111001
00001101000000001000
00000011101111111101
11111110010000010101
00000011101111111101
11111110100000010111
00000100011111111011
11110110110000001100
00000100001111111011
11111001000000001101
00000011011111111111
00000001000000111101
00000011011111111111
00000010010001010010
00000101001111111010
01100010100000001001
00000100101111111010
11000000110000001011
00000011011111111110
11111111010000011111
00000011011111111110
11111111100000100100
00000011111111111100
11111100010000010000
00000011111111111100
11111101000000010001
00000011011111111111
11100110011100010000
00000011011111111111
11110011101111001000
