00000000000000000000000000000000000000
00000000000000000000000000000000000000
00000000000000000000000000000000000000
00000000000000000000000000000000000000
00000000000000000000000000000000000000
00000000000000000000000000000000000000
00000000000000000000000000000000000000
00000000000000000000000000000000000000
00000000000000000000000000000000000000
00000000000000000000000000000000000000
00000000000000000000000000000000000000
00000000000000000000000000000000000000
00000000000000000000000000000000000000
00000000000000000000000000000000000000
00000000000000000000000000000000000000
00000000000000000000000000000000000000
00000000000000000000000000000000000000
00000000000000000000000000000000000000
00000000000000000000000000000000000000
00000000000000000000000000000000000000
00000000000000000000000000000000000000
00000000000000000000000000000000000000
00000000000000000000000000000000000000
00000000000000000000000000000000000000
00000000000000000000000000000000000000
00000000000000000000000000000000000000
00000000000000000000000000000000000000
00000000000000000000000000000000000000
00000000000000000000000000000000000000
00000000000000000000000000000000000000
00000000000000000000000000000000000000
00000000000000000000000000000000000000
00000000000000000000000000000000000000
00000000000000000000000000000000000000
00000000000000000000000000000000000000
00000000000000000000000000000000000000
00000000000000000000000000000000000000
00000000000000000000000000000000000000
00000000000000000000000000000000000000
00000000000000000000000000000000000000
00000000000000000000000000000000000000
00000000000000000000000000000000000000
00000000000000000000000000000000000000
00000000000000000000000000000000000000
00000000000000000000000000000000000000
00000000000000000000000000000000000000
00000000000000000000000000000000000000
00000000000000000000000000000000000000
00000000000000000000000000000000000000
00000000000000000000000000000000000000
00000000000000000000000000000000000000
00000000000000000000000000000000000000
00000000000000000000000000000000000000
00000000000000000000000000000000000000
00000000000000000000000000000000000000
00000000000000000000000000000000000000
00000000000000000000000000000000000000
00000000000000000000000000000000000000
00000000000000000000000000000000000000
00000000000000000000000000000000000000
00000000000000000000000000000000000000
00000000000000000000000000000000000000
00000000000000000000000000000000000000
00000000000000000000000000000000000000
00000000000000000000000000000000000000
00000000000000000000000000000000000000
00000000000000000000000000000000000000
00000000000000000000000000000000000000
00000000000000000000000000000000000000
00000000000000000000000000000000000000
00000000000000000000000000000000000000
00000000000000000000000000000000000000
00000000000000000000000000000000000000
00000000000000000000000000000000000000
00000000000000000000000000000000000000
00000000000000000000000000000000000000
00000000000000000000000000000000000000
00000000000000000000000000000000000000
00000000000000000000000000000000000000
00000000000000000000000000000000000000
00000000000000000000000000000000000000
00000000000000000000000000000000000000
00000000000000000000000000000000000000
00000000000000000000000000000000000000
00000000000000000000000000000000000000
00000000000000000000000000000000000000
00000000000000000000000000000000000000
00000000000000000000000000000000000000
00000000000000000000000000000000000000
00000000000000000000000000000000000000
00000000000000000000000000000000000000
00000000000000000000000000000000000000
00000000000000000000000000000000000000
00000000000000000000000000000000000000
00000000000000000000000000000000000000
00000000000000000000000000000000000000
00000000000000000000000000000000000000
00000000000000000000000000000000000000
00000000000000000000000000000000000000
00000000000000000000000000000000000000
00000000000000000000000000000000000000
00000000000000000000000000000000000000
00000000000000000000000000000000000000
00000000000000000000000000000000000000
00000000000000000000000000000000000000
00000000000000000000000000000000000000
00000000000000000000000000000000000000
00000000000000000000000000000000000000
00000000000000000000000000000000000000
00000000000000000000000000000000000000
00000000000000000000000000000000000000
00000000000000000000000000000000000000
00000010101010000000000000000000000000
11111000101010000000000000000000000000
00000010010111110010000001110101100111
11110000111101001100000000011111100000
11111100001001000000000000000000000000
00001011101011000000000000000000000000
11111011101101101010000001100111111000
00010001010011011101111011110011101111
00000001010111000000000000000000000000
00000000000000000001111101111000100000
00000001001000100010000001101010100111
00001100001000011111111101110010110100
11111000010000000000000000000000000000
00000000000000000000000001101110000000
11111000001100111000000001110011000101
11110110100111010000000100100110001100
00001000011010000001111100100000100100
00001000011010000000000011011111011011
00001010001000111101111110000110000100
00001100010110000010001011010010110011
11111110100011010111111011011011011011
00000101011011100110000011101111101111
11111011000010100001111100101011011110
00010100001011010010000110111110000001
00000111111001011101111011101010011011
11111000000101000101111011101011001010
00001010000111000011111101000001110010
11110100100011101001110100000110110111
11111010010101001101111100010110110101
11111110110101101011111011011011011001
11110110100100110001111101111110010001
11101111100110101111111000000011001011
11111111001101011110000111101110101101
00011010100010100000000001000011010010
00001100010100101011110100101100110110
00001010001011000100000001111001010001
11111000001011001110000111001110101000
11110100011100101110001010000001100001
00000100010110100011110011111011010001
00000001001011011000000100000111010101
11111110001001101110000111010110000001
11100100011010001011111101100101101011
00001011011000110111110100000101111110
11110101110111000101111101000011010010
11110100001110101110000111101000011101
00010001100111101001110101100111010001
00000000010011000101110100100011110010
00000011110100100111111011001111101010
00011010100100010011111110111100011001
11111111001011101101111000010001100110
11110000111100000111111111100001001011
00000010011000001001111110001010101100
11101001101001010011111101000001000100
11110000001111101111111101101011000100
00010010001011000111111100110100100011
11111010101010011010000000010111110010
00011011100110000011111101100101000110
00000001110101000110000111010101111011
11110011110110110011111101110011011111
11111110111001000110000001101010110001
11100100110110100001111110111010110000
00010011001000100100000001010000010011
00001100111101110101111111110011001001
00001000010011110001111110011000001110
11111101001011000000000000000000000000
11111101001101000000000000000000000000
11111100110010110110000001011011110011
11111010010110000101111010100101000101
11111111100110000000000000000000000000
00010000000110000000000000000000000000
11111111010001010110000001110101000111
00010111011101000110000010011000101111
11111101100111000000000000000000000000
00000000000000000000000011110101100000
11111101010110101000000001100001110001
00000100010101111010000111010111111001
11110111011011000000000000000000000000
00000000000000000001111010101001100000
11110110101110110110000001110011100001
11110100000110110111111000111101110000
00000001001100110101111010001101010000
00000101100010100100000101000111110001
00000000001100101001111010000011010101
00001111010110010100001010100101000011
00000100001011110011111100110111010100
00000111011000101001111111010000011010
00000011101000101101111111100010001111
00011000000110111010000000001101100011
00000001111110101111111010100110111111
11111010000010010111111011011010001001
00000001010100010011111010101001010110
11110000001010110101110101110010000000
11111011001011001011111110000111011101
11111110010111010001111101000011100011
11111001111101100000000001010010111101
11101100110000110011111100000111011011
11111001011110111010000110110101111000
00001010100000111000001101000110100110
00000110000011001101110011010001010100
00000100101101110110000101011100001110
11111100000011010100000111101100000110
11110001101010110101111010111101110001
00001000110001100111110100110001011111
00000010001111111011111110100000110011
11111010000010011100000111000000100010
11110100101010101011110100000011100111
00000110110000000111110011100000111010
11111010101011101101111011010101001010
11110011101100010010001000001110111101
00010110110100010110000001000000110011
00000000001010001101110101100111011111
00000100101101011101111101101110010011
11111111101000110001110001111000101110
11110100101011111011111010111100111101
11111110111101001110000110000110111011
11111011111100101001111111010010111011
00000011110101111110001000100011101010
11110000010010010111111110111001001100
00000100100010101001110100001111000001
11111100010011001011111111101000001011
00000001010011111001110010110011010100
00001010110111001110000101010110001011
00000001101011011010000111101001111101
00000011101001110000000000111000001000
11111001001100001110001010111100110001
00010011111110110011111101011100111111
11111000000111001011110111101000001001
00000111001111000001111100101100011010
00000000000000000000000000000000000000
00000000000000000000000000000000000000
00000000000000000000000000000000000000
00000000000000000000000000000000000000
00000000000000000000000000000000000000
00000000000000000000000000000000000000
00000000000000000000000000000000000000
00000000000000000000000000000000000000
00000000000000000000000000000000000000
00000000000000000000000000000000000000
00000000000000000000000000000000000000
00000000000000000000000000000000000000
00000000000000000000000000000000000000
00000000000000000000000000000000000000
00000000000000000000000000000000000000
00000000000000000000000000000000000000
00000000000000000000000000000000000000
00000000000000000000000000000000000000
00000000000000000000000000000000000000
00000000000000000000000000000000000000
00000000000000000000000000000000000000
00000000000000000000000000000000000000
00000000000000000000000000000000000000
00000000000000000000000000000000000000
00000000000000000000000000000000000000
00000000000000000000000000000000000000
00000000000000000000000000000000000000
00000000000000000000000000000000000000
00000000000000000000000000000000000000
00000000000000000000000000000000000000
00000000000000000000000000000000000000
00000000000000000000000000000000000000
00000000000000000000000000000000000000
00000000000000000000000000000000000000
00000000000000000000000000000000000000
00000000000000000000000000000000000000
00000000000000000000000000000000000000
00000000000000000000000000000000000000
00000000000000000000000000000000000000
00000000000000000000000000000000000000
00000000000000000000000000000000000000
00000000000000000000000000000000000000
00000000000000000000000000000000000000
00000000000000000000000000000000000000
00000000000000000000000000000000000000
00000000000000000000000000000000000000
00000000000000000000000000000000000000
00000000000000000000000000000000000000
00000000000000000000000000000000000000
00000000000000000000000000000000000000
00000000000000000000000000000000000000
00000000000000000000000000000000000000
00000000000000000000000000000000000000
00000000000000000000000000000000000000
00000000000000000000000000000000000000
00000000000000000000000000000000000000
00000000000000000000000000000000000000
00000000000000000000000000000000000000
00000000000000000000000000000000000000
00000000000000000000000000000000000000
00000000000000000000000000000000000000
00000000000000000000000000000000000000
00000000000000000000000000000000000000
00000000000000000000000000000000000000
00000000000000000000000000000000000000
00000000000000000000000000000000000000
00000000000000000000000000000000000000
00000000000000000000000000000000000000
00000000000000000000000000000000000000
00000000000000000000000000000000000000
00000000000000000000000000000000000000
00000000000000000000000000000000000000
00000000000000000000000000000000000000
00000000000000000000000000000000000000
00000000000000000000000000000000000000
00000000000000000000000000000000000000
