0816
0852
0882
0908
0928
0944
0957
0968
0977
0983
0986
0985
0978
0965
0947
0925
0900
0873
0844
0813
0780
0743
0701
0655
0605
0552
0497
0442
0387
0332
0276
0218
0159
0096
0032
4063
3999
3936
3877
3819
3763
3708
3653
3598
3543
3490
3440
3394
3352
3315
3282
3251
3222
3195
3170
3148
3130
3117
3110
3109
3112
3118
3127
3138
3151
3167
3187
3212
3243
3279
3318
3360
3403
3448
3493
3540
3590
3643
3700
3760
3822
3884
3946
4007
4066
0029
0088
0149
0210
0273
0335
0395
0452
0505
0555
0602
0647
0691
0735
0777
0816
0852
0882
0908
0928
0944
0957
0968
0977
0983
0986
0985
0978
0965
0947
0925
0900
0873
0844
0813
0780
0743
0701
0655
0605
0552
0497
0442
0387
0332
0276
0218
0159
0096
0032
4063
3999
3936
3877
3819
3763
3708
3653
3598
3543
3490
3440
3394
3352
3315
3282
3251
3222
3195
3170
3148
3130
3117
3110
3109
3112
3118
3127
3138
3151
3167
3187
3212
3243
3279
3318
3360
3403
3448
3493
3540
3590
3643
3700
3760
3822
3884
3946
4007
4066
0029
0088
0149
0210
0273
0335
0395
0452
0505
0555
0602
0647
0691
0735
0777
0816
0852
0882
0908
0928
0944
0957
0968
0977
0983
0986
0985
0978
0965
0947
0925
0900
0873
0844
0813
0780
0743
0701
0655
0605
0552
0497
0442
0387
0332
0276
0218
0159
0096
0032
4063
3999
3936
3877
3819
3763
3708
3653
3598
3543
3490
3440
3394
3352
3315
3282
3251
3222
3195
3170
3148
3130
3117
3110
3109
3112
3118
3127
3138
3151
3167
3187
3212
3243
3279
3318
3360
3403
3448
3493
3540
3590
3643
3700
3760
3822
3884
3946
4007
4066
0029
0088
0149
0210
0273
0335
0395
0452
0505
0555
0602
0647
0691
0735
0777
0816
0852
0882
0908
0928
0944
0957
0968
0977
0983
0986
0985
0978
0965
0947
0925
0900
0873
0844
0813
0780
0743
0701
0655
0605
0552
0497
0442
0387
0332
0276
0218
0159
0096
0032
4063
3999
3936
3877
3819
3763
3708
3653
3598
3543
3490
3440
3394
3352
3315
3282
3251
3222
3195
3170
3148
3130
3117
3110
3109
3112
3118
3127
3138
3151
3167
3187
3212
3243
3279
3318
3360
3403
3448
3493
3540
3590
3643
3700
3760
3822
3884
3946
4007
4066
0029
0088
0149
0210
0273
0335
0395
0452
0505
0555
0602
0647
0691
0735
0777
0816
0852
0882
0908
0928
0944
0957
0968
0977
0983
0986
0985
0978
0965
0947
0925
0900
0873
0844
0813
0780
0743
0701
0655
0605
0552
0497
0442
0387
0332
0276
0218
0159
0096
0032
4063
3999
3936
3877
3819
3763
3708
3653
3598
3543
3490
3440
3394
3352
3315
3282
3251
3222
3195
3170
3148
3130
3117
3110
3109
3112
3118
3127
3138
3151
3167
3187
3212
3243
3279
3318
3360
3403
3448
3493
3540
3590
3643
3700
3760
3822
3884
3946
4007
4066
0029
0088
0149
0210
0273
0335
0395
0452
0505
0555
0602
0647
0691
0735
0777
0816
0852
0882
0908
0928
0944
0957
0968
0977
0983
0986
0985
0978
0965
0947
0925
0900
0873
0844
0813
0780
0743
0701
0655
0605
0552
0497
0442
0387
0332
0276
0218
0159
0096
0032
4063
3999
3936
3877
3819
3763
3708
3653
3598
3543
3490
3440
3394
3352
3315
3282
3251
3222
3195
3170
3148
3130
3117
3110
3109
3112
3118
3127
3138
3151
3167
3187
3212
3243
3279
3318
3360
3403
3448
3493
3540
3590
3643
3700
3760
3822
3884
3946
4007
4066
0029
0088
0149
0210
0273
0335
0395
0452
0505
0555
0602
0647
0691
0735
0777
0816
0852
0882
0908
0928
0944
0957
0968
0977
0983
0986
0985
0978
0965
0947
0925
0900
0873
0844
0813
0780
0743
0701
0655
0605
0552
0497
0442
0387
0332
0276
0218
0159
0096
0032
4063
3999
3936
3877
3819
3763
3708
3653
3598
3543
3490
3440
3394
3352
3315
3282
3251
3222
3195
3170
3148
3130
3117
3110
3109
3112
3118
3127
3138
3151
3167
3187
3212
3243
3279
3318
3360
3403
3448
3493
3540
3590
3643
3700
3760
3822
3884
3946
4007
4066
0029
0088
0149
0210
0273
0335
0395
0452
0505
0555
0602
0647
0691
0735
0777
0816
0852
0882
0908
0928
0944
0957
0968
0977
0983
0986
0985
0978
0965
0947
0925
0900
0873
0844
0813
0780
0743
0701
0655
0605
0552
0497
0442
0387
0332
0276
0218
0159
0096
0032
4063
3999
3936
3877
3819
3763
3708
3653
3598
3543
3490
3440
3394
3352
3315
3282
3251
3222
3195
3170
3148
3130
3117
3110
3109
3112
3118
3127
3138
3151
3167
3187
3212
3243
3279
3318
3360
3403
3448
3493
3540
3590
3643
3700
3760
3822
3884
3946
4007
4066
0029
0088
0149
0210
0273
0335
0395
0452
0505
0555
0602
0647
0691
0735
0777
0816
0852
0882
0908
0928
0944
0957
0968
0977
0983
0986
0985
0978
0965
0947
0925
0900
0873
0844
0813
0780
0743
0701
0655
0605
0552
0497
0442
0387
0332
0276
0218
0159
0096
0032
4063
3999
3936
3877
3819
3763
3708
3653
3598
3543
3490
3440
3394
3352
3315
3282
3251
3222
3195
3170
3148
3130
3117
3110
3109
3112
3118
3127
3138
3151
3167
3187
3212
3243
3279
3318
3360
3403
3448
3493
3540
3590
3643
3700
3760
3822
3884
3946
4007
4066
0029
0088
0149
0210
0273
0335
0395
0452
0505
0555
0602
0647
0691
0735
0777
0816
0852
0882
0908
0928
0944
0957
0968
0977
0983
0986
0985
0978
0965
0947
0925
0900
0873
0844
0813
0780
0743
0701
0655
0605
0552
0497
0442
0387
0332
0276
0218
0159
0096
0032
4063
3999
3936
3877
3819
3763
3708
3653
3598
3543
3490
3440
3394
3352
3315
3282
3251
3222
3195
3170
3148
3130
3117
3110
3109
3112
3118
3127
3138
3151
3167
3187
3212
3243
0000
0000
0000
0000
0000
0000
0000
0000
0000
0000
0000
0000
0000
0000
0000
0000
0000
0000
0000
0000
0000
0000
0000
0000
0000
0000
0000
0000
0000
0000
0000
