001100110000
001101010011
001101110010
001110001011
001110100000
001110110000
001110111101
001111001000
001111010000
001111010110
001111011010
001111011000
001111010001
001111000101
001110110011
001110011101
001110000100
001101101000
001101001011
001100101101
001100001011
001011100110
001010111101
001010001111
001001011101
001000101000
000111110001
000110111010
000110000010
000101001011
000100010011
000011011010
000010011110
000001100000
000000011111
111111011111
111110011110
111101100000
111100100100
111011101011
111010110011
111001111100
111001000100
111000001101
110111010111
110110100001
110101101111
110101000001
110100011000
110011110011
110011010010
110010110011
110010010110
110001111010
110001100001
110001001011
110000111001
110000101101
110000100110
110000100100
110000101000
110000101110
110000110110
110001000001
110001001110
110001011110
110001110011
110010001100
110010101011
110011001110
110011110110
110100100000
110101001011
110101110111
110110100101
110111010100
111000000101
111000111011
111001110100
111010110000
111011101110
111100101100
111101101010
111110100110
111111100010
000000011100
000001011000
000010010100
000011010010
000100010000
000101001110
000110001010
000111000011
000111111001
001000101010
001001011010
001010000111
001010110011
001011011110
001100001000
001100110000
001101010011
001101110010
001110001011
001110100000
001110110000
001110111101
001111001000
001111010000
001111010110
001111011010
001111011000
001111010001
001111000101
001110110011
001110011101
001110000100
001101101000
001101001011
001100101101
001100001011
001011100110
001010111101
001010001111
001001011101
001000101000
000111110001
000110111010
000110000010
000101001011
000100010011
000011011010
000010011110
000001100000
000000011111
111111011111
111110011110
111101100000
111100100100
111011101011
111010110011
111001111100
111001000100
111000001101
110111010111
110110100001
110101101111
110101000001
110100011000
110011110011
110011010010
110010110011
110010010110
110001111010
110001100001
110001001011
110000111001
110000101101
110000100110
110000100100
110000101000
110000101110
110000110110
110001000001
110001001110
110001011110
110001110011
110010001100
110010101011
110011001110
110011110110
110100100000
110101001011
110101110111
110110100101
110111010100
111000000101
111000111011
111001110100
111010110000
111011101110
111100101100
111101101010
111110100110
111111100010
000000011100
000001011000
000010010100
000011010010
000100010000
000101001110
000110001010
000111000011
000111111001
001000101010
001001011010
001010000111
001010110011
001011011110
001100001000
001100110000
001101010011
001101110010
001110001011
001110100000
001110110000
001110111101
001111001000
001111010000
001111010110
001111011010
001111011000
001111010001
001111000101
001110110011
001110011101
001110000100
001101101000
001101001011
001100101101
001100001011
001011100110
001010111101
001010001111
001001011101
001000101000
000111110001
000110111010
000110000010
000101001011
000100010011
000011011010
000010011110
000001100000
000000011111
111111011111
111110011110
111101100000
111100100100
111011101011
111010110011
111001111100
111001000100
111000001101
110111010111
110110100001
110101101111
110101000001
110100011000
110011110011
110011010010
110010110011
110010010110
110001111010
110001100001
110001001011
110000111001
110000101101
110000100110
110000100100
110000101000
110000101110
110000110110
110001000001
110001001110
110001011110
110001110011
110010001100
110010101011
110011001110
110011110110
110100100000
110101001011
110101110111
110110100101
110111010100
111000000101
111000111011
111001110100
111010110000
111011101110
111100101100
111101101010
111110100110
111111100010
000000011100
000001011000
000010010100
000011010010
000100010000
000101001110
000110001010
000111000011
000111111001
001000101010
001001011010
001010000111
001010110011
001011011110
001100001000
001100110000
001101010011
001101110010
001110001011
001110100000
001110110000
001110111101
001111001000
001111010000
001111010110
001111011010
001111011000
001111010001
001111000101
001110110011
001110011101
001110000100
001101101000
001101001011
001100101101
001100001011
001011100110
001010111101
001010001111
001001011101
001000101000
000111110001
000110111010
000110000010
000101001011
000100010011
000011011010
000010011110
000001100000
000000011111
111111011111
111110011110
111101100000
111100100100
111011101011
111010110011
111001111100
111001000100
111000001101
110111010111
110110100001
110101101111
110101000001
110100011000
110011110011
110011010010
110010110011
110010010110
110001111010
110001100001
110001001011
110000111001
110000101101
110000100110
110000100100
110000101000
110000101110
110000110110
110001000001
110001001110
110001011110
110001110011
110010001100
110010101011
110011001110
110011110110
110100100000
110101001011
110101110111
110110100101
110111010100
111000000101
111000111011
111001110100
111010110000
111011101110
111100101100
111101101010
111110100110
111111100010
000000011100
000001011000
000010010100
000011010010
000100010000
000101001110
000110001010
000111000011
000111111001
001000101010
001001011010
001010000111
001010110011
001011011110
001100001000
001100110000
001101010011
001101110010
001110001011
001110100000
001110110000
001110111101
001111001000
001111010000
001111010110
001111011010
001111011000
001111010001
001111000101
001110110011
001110011101
001110000100
001101101000
001101001011
001100101101
001100001011
001011100110
001010111101
001010001111
001001011101
001000101000
000111110001
000110111010
000110000010
000101001011
000100010011
000011011010
000010011110
000001100000
000000011111
111111011111
111110011110
111101100000
111100100100
111011101011
111010110011
111001111100
111001000100
111000001101
110111010111
110110100001
110101101111
110101000001
110100011000
110011110011
110011010010
110010110011
110010010110
110001111010
110001100001
110001001011
110000111001
110000101101
110000100110
110000100100
110000101000
110000101110
110000110110
110001000001
110001001110
110001011110
110001110011
110010001100
110010101011
110011001110
110011110110
110100100000
110101001011
110101110111
110110100101
110111010100
111000000101
111000111011
111001110100
111010110000
111011101110
111100101100
111101101010
111110100110
111111100010
000000011100
000001011000
000010010100
000011010010
000100010000
000101001110
000110001010
000111000011
000111111001
001000101010
001001011010
001010000111
001010110011
001011011110
001100001000
001100110000
001101010011
001101110010
001110001011
001110100000
001110110000
001110111101
001111001000
001111010000
001111010110
001111011010
001111011000
001111010001
001111000101
001110110011
001110011101
001110000100
001101101000
001101001011
001100101101
001100001011
001011100110
001010111101
001010001111
001001011101
001000101000
000111110001
000110111010
000110000010
000101001011
000100010011
000011011010
000010011110
000001100000
000000011111
111111011111
111110011110
111101100000
111100100100
111011101011
111010110011
111001111100
111001000100
111000001101
110111010111
110110100001
110101101111
110101000001
110100011000
110011110011
110011010010
110010110011
110010010110
110001111010
110001100001
110001001011
110000111001
110000101101
110000100110
110000100100
110000101000
110000101110
110000110110
110001000001
110001001110
110001011110
110001110011
110010001100
110010101011
110011001110
110011110110
110100100000
110101001011
110101110111
110110100101
110111010100
111000000101
111000111011
111001110100
111010110000
111011101110
111100101100
111101101010
111110100110
111111100010
000000011100
000001011000
000010010100
000011010010
000100010000
000101001110
000110001010
000111000011
000111111001
001000101010
001001011010
001010000111
001010110011
001011011110
001100001000
001100110000
001101010011
001101110010
001110001011
001110100000
001110110000
001110111101
001111001000
001111010000
001111010110
001111011010
001111011000
001111010001
001111000101
001110110011
001110011101
001110000100
001101101000
001101001011
001100101101
001100001011
001011100110
001010111101
001010001111
001001011101
001000101000
000111110001
000110111010
000110000010
000101001011
000100010011
000011011010
000010011110
000001100000
000000011111
111111011111
111110011110
111101100000
111100100100
111011101011
111010110011
111001111100
111001000100
111000001101
110111010111
110110100001
110101101111
110101000001
110100011000
110011110011
110011010010
110010110011
110010010110
110001111010
110001100001
110001001011
110000111001
110000101101
110000100110
110000100100
110000101000
110000101110
110000110110
110001000001
110001001110
110001011110
110001110011
110010001100
110010101011
110011001110
110011110110
110100100000
110101001011
110101110111
110110100101
110111010100
111000000101
111000111011
111001110100
111010110000
111011101110
111100101100
111101101010
111110100110
111111100010
000000011100
000001011000
000010010100
000011010010
000100010000
000101001110
000110001010
000111000011
000111111001
001000101010
001001011010
001010000111
001010110011
001011011110
001100001000
001100110000
001101010011
001101110010
001110001011
001110100000
001110110000
001110111101
001111001000
001111010000
001111010110
001111011010
001111011000
001111010001
001111000101
001110110011
001110011101
001110000100
001101101000
001101001011
001100101101
001100001011
001011100110
001010111101
001010001111
001001011101
001000101000
000111110001
000110111010
000110000010
000101001011
000100010011
000011011010
000010011110
000001100000
000000011111
111111011111
111110011110
111101100000
111100100100
111011101011
111010110011
111001111100
111001000100
111000001101
110111010111
110110100001
110101101111
110101000001
110100011000
110011110011
110011010010
110010110011
110010010110
110001111010
110001100001
110001001011
110000111001
110000101101
110000100110
110000100100
110000101000
110000101110
110000110110
110001000001
110001001110
110001011110
110001110011
110010001100
110010101011
110011001110
110011110110
110100100000
110101001011
110101110111
110110100101
110111010100
111000000101
111000111011
111001110100
111010110000
111011101110
111100101100
111101101010
111110100110
111111100010
000000011100
000001011000
000010010100
000011010010
000100010000
000101001110
000110001010
000111000011
000111111001
001000101010
001001011010
001010000111
001010110011
001011011110
001100001000
001100110000
001101010011
001101110010
001110001011
001110100000
001110110000
001110111101
001111001000
001111010000
001111010110
001111011010
001111011000
001111010001
001111000101
001110110011
001110011101
001110000100
001101101000
001101001011
001100101101
001100001011
001011100110
001010111101
001010001111
001001011101
001000101000
000111110001
000110111010
000110000010
000101001011
000100010011
000011011010
000010011110
000001100000
000000011111
111111011111
111110011110
111101100000
111100100100
111011101011
111010110011
111001111100
111001000100
111000001101
110111010111
110110100001
110101101111
110101000001
110100011000
110011110011
110011010010
110010110011
110010010110
110001111010
110001100001
110001001011
110000111001
110000101101
110000100110
110000100100
110000101000
110000101110
110000110110
110001000001
110001001110
110001011110
110001110011
110010001100
110010101011
110011001110
110011110110
110100100000
110101001011
110101110111
110110100101
110111010100
111000000101
111000111011
111001110100
111010110000
111011101110
111100101100
111101101010
111110100110
111111100010
000000011100
000001011000
000010010100
000011010010
000100010000
000101001110
000110001010
000111000011
000111111001
001000101010
001001011010
001010000111
001010110011
001011011110
001100001000
001100110000
001101010011
001101110010
001110001011
001110100000
001110110000
001110111101
001111001000
001111010000
001111010110
001111011010
001111011000
001111010001
001111000101
001110110011
001110011101
001110000100
001101101000
001101001011
001100101101
001100001011
001011100110
001010111101
001010001111
001001011101
001000101000
000111110001
000110111010
000110000010
000101001011
000100010011
000011011010
000010011110
000001100000
000000011111
111111011111
111110011110
111101100000
111100100100
111011101011
111010110011
111001111100
111001000100
111000001101
110111010111
110110100001
110101101111
110101000001
110100011000
110011110011
110011010010
110010110011
110010010110
110001111010
110001100001
110001001011
110000111001
110000101101
110000100110
110000100100
110000101000
110000101110
110000110110
110001000001
110001001110
110001011110
110001110011
110010001100
110010101011
000000000000
000000000000
000000000000
000000000000
000000000000
000000000000
000000000000
000000000000
000000000000
000000000000
000000000000
000000000000
000000000000
000000000000
000000000000
000000000000
000000000000
000000000000
000000000000
000000000000
000000000000
000000000000
000000000000
000000000000
000000000000
000000000000
000000000000
000000000000
000000000000
000000000000
000000000000
