0000
0685
1134
1199
0881
0325
3864
3542
3601
4041
0619
1291
1723
1770
1431
0852
0270
4017
4047
0360
1002
1640
2037
2047
1671
1053
0432
0043
0032
0401
1002
1599
1956
1925
1509
0852
0192
3861
3815
0052
0619
1184
1510
1451
1007
0325
3738
3291
3225
3542
4095
0553
0870
0804
0357
3770
3088
2644
2585
2911
3476
4043
0280
0234
3903
3243
2586
2170
2139
2496
3093
3694
4063
4052
3663
3042
2424
2048
2058
2455
3093
3735
0048
0078
3825
3243
2664
2325
2372
2804
3476
0054
0494
0553
0231
3770
3214
2896
2961
3410
4095
0685
1134
1199
0881
0325
3864
3542
3601
4041
0619
1291
1723
1770
1431
0852
0270
4017
4047
0360
1002
1640
2037
2047
1671
1053
0432
0043
0032
0401
1002
1599
1956
1925
1509
0852
0192
3861
3815
0052
0619
1184
1510
1451
1007
0325
3738
3291
3225
3542
4095
0553
0870
0804
0357
3770
3088
2644
2585
2911
3476
4043
0280
0234
3903
3243
2586
2170
2139
2496
3093
3694
4063
4052
3663
3042
2424
2048
2058
2455
3093
3735
0048
0078
3825
3243
2664
2325
2372
2804
3476
0054
0494
0553
0231
3770
3214
2896
2961
3410
4095
0685
1134
1199
0881
0325
3864
3542
3601
4041
0619
1291
1723
1770
1431
0852
0270
4017
4047
0360
1002
1640
2037
2047
1671
1053
0432
0043
0032
0401
1002
1599
1956
1925
1509
0852
0192
3861
3815
0052
0619
1184
1510
1451
1007
0325
3738
3291
3225
3542
0000
0553
0870
0804
0357
3770
3088
2644
2585
2911
3476
4043
0280
0234
3903
3243
2586
2170
2139
2496
3093
3694
4063
4052
3663
3042
2424
2048
2058
2455
3093
3735
0048
0078
3825
3243
2664
2325
2372
2804
3476
0054
0494
0553
0231
3770
3214
2896
2961
3410
4095
0685
1134
1199
0881
0325
3864
3542
3601
4041
0619
1291
1723
1770
1431
0852
0270
4017
4047
0360
1002
1640
2037
2047
1671
1053
0432
0043
0032
0401
1002
1599
1956
1925
1509
0852
0192
3861
3815
0052
0619
1184
1510
1451
1007
0325
3738
3291
3225
3542
4095
0553
0870
0804
0357
3770
3088
2644
2585
2911
3476
4043
0280
0234
3903
3243
2586
2170
2139
2496
3093
3694
4063
4052
3663
3042
2424
2048
2058
2455
3093
3735
0048
0078
3825
3243
2664
2325
2372
2804
3476
0054
0494
0553
0231
3770
3214
2896
2961
3410
4095
0685
1134
1199
0881
0325
3864
3542
3601
4041
0619
1291
1723
1770
1431
0852
0270
4017
4047
0360
1002
1640
2037
2047
1671
1053
0432
0043
0032
0401
1002
1599
1956
1925
1509
0852
0192
3861
3815
0052
0619
1184
1510
1451
1007
0325
3738
3291
3225
3542
0000
0553
0870
0804
0357
3770
3088
2644
2585
2911
3476
4043
0280
0234
3903
3243
2586
2170
2139
2496
3093
3694
4063
4052
3663
3042
2424
2048
2058
2455
3093
3735
0048
0078
3825
3243
2664
2325
2372
2804
3476
0054
0494
0553
0231
3770
3214
2896
2961
3410
4095
0685
1134
1199
0881
0325
3864
3542
3601
4041
0619
1291
1723
1770
1431
0852
0270
4017
4047
0360
1002
1640
2037
2047
1671
1053
0432
0043
0032
0401
1002
1599
1956
1925
1509
0852
0192
3861
3815
0052
0619
1184
1510
1451
1007
0325
3738
3291
3225
3542
0000
0553
0870
0804
0357
3770
3088
2644
2585
2911
3476
4043
0280
0234
3903
3243
2586
2170
2139
2496
3093
3694
4063
4052
3663
3042
2424
2048
2058
2455
3093
3735
0048
0078
3825
3243
2664
2325
2372
2804
3476
0054
0494
0553
0231
3770
3214
2896
2961
3410
4095
0685
1134
1199
0881
0325
3864
3542
3601
4041
0619
1291
1723
1770
1431
0852
0270
4017
4047
0360
1002
1640
2037
2047
1671
1053
0432
0043
0032
0401
1002
1599
1956
1925
1509
0852
0192
3861
3815
0052
0619
1184
1510
1451
1007
0325
3738
3291
3225
3542
4095
0553
0870
0804
0357
3770
3088
2644
2585
2911
3476
4043
0280
0234
3903
3243
2586
2170
2139
2496
3093
3694
4063
4052
3663
3042
2424
2048
2058
2455
3093
3735
0048
0078
3825
3243
2664
2325
2372
2804
3476
0054
0494
0553
0231
3770
3214
2896
2961
3410
4095
0685
1134
1199
0881
0325
3864
3542
3601
4041
0619
1291
1723
1770
1431
0852
0270
4017
4047
0360
1002
1640
2037
2048
1671
1053
0432
0043
0032
0401
1002
1599
1956
1925
1509
0852
0192
3861
3815
0052
0619
1184
1510
1451
1007
0325
3738
3291
3225
3542
4095
0553
0870
0804
0357
3770
3088
2644
2585
2911
3476
4043
0280
0234
3903
3243
2586
2170
2139
2496
3093
3694
4063
4052
3663
3042
2424
2048
2058
2455
3093
3735
0048
0078
3825
3243
2664
2325
2372
2804
3476
0054
0494
0553
0231
3770
3214
2896
2961
3410
4095
0685
1134
1199
0881
0325
3864
3542
3601
4041
0619
1291
1723
1770
1431
0852
0270
4017
4047
0360
1002
1640
2037
2047
1671
1053
0432
0043
0032
0401
1002
1599
1956
1925
1509
0852
0192
3861
3815
0052
0619
1184
1510
1451
1007
0325
3738
3291
3225
3542
4095
0553
0870
0804
0357
3770
3088
2644
2585
2911
3476
4043
0280
0234
3903
3243
2586
2170
2139
2496
3093
3694
4063
4052
3663
3042
2424
2048
2058
2455
3093
3735
0048
0078
3825
3243
2664
2325
2372
2804
3476
0054
0494
0553
0231
3770
3214
2896
2961
3410
4095
0685
1134
1199
0881
0325
3864
3542
3601
4041
0619
1291
1723
1770
1431
0852
0270
4017
4047
0360
1002
1640
2037
2047
1671
1053
0432
0043
0032
0401
1002
1599
1956
1925
1509
0852
0192
3861
3815
0052
0619
1184
1510
1451
1007
0325
3738
3291
3225
3542
0000
0553
0870
0804
0357
3770
3088
2644
2585
2911
3476
4043
0280
0234
3903
3243
2586
2170
2139
2496
3093
3694
4063
4052
3663
3042
2424
2048
2058
2455
3093
3735
0048
0078
3825
3243
2664
2325
2372
2804
3476
0054
0494
0553
0231
3770
3214
2896
2961
3410
