0100000000000000000000
0100000000000000000000
0100000000000000000000
0100000000000000000000
0100000000000000000000
0011101100111100111100
0011111110111111001101
0011100001111100001110
0100000000000000000000
0010110101011010010101
0011111011011110011100
0010001110011001010110
0100000000000000000000
0001100001111000100110
0011110100111101101011
0000011001011000000010
0100000000000000000000
0000000000010111111111
0011101100111100111100
1110011110011000100110
0100000000000000000000
1110011110011000100110
0011100001111100001110
1100111010011010111011
0100000000000000000000
1101001010111010010101
0011010100111011100011
1100000100111110011100
0100000000000000000000
1100010011011100111100
0010111101111010101000
1100001011000010010100
0100000000000000000000
0100000000000000000000
0100000000000000000000
0100000000000000000000
0011111011011110011100
0011010100111011100011
0011110100111101101011
0011000101111010111011
0011101100111100111100
0001100001111000100110
0011010100111011100011
0000110001111000001001
0011010100111011100011
1111001110011000001001
0010100010011001110100
1110000111011000111100
0010110101011010010101
1101001010111010010101
0001100001111000100110
1100010011011100111100
0010001110011001010110
1100000100111110011100
0000011001011000000010
1100001011000010010100
0001100001111000100110
1100010011000011000011
1111001110011000001001
1101110001100110101001
0000110001111000001001
1101110001100110101001
1110000111011000111100
0000011001000111111101
0100000000000000000000
0011111011011110011100
0011111111111111100110
0011111000011110000011
0100000000000000000000
0011010100111011100011
0011111101011110110100
0010111101111010101000
0100000000000000000000
0010001110011001010110
0011111000011110000011
0001010110011000011101
0100000000000000000000
0000110001111000001001
0011110001011101010011
1111011010011000000101
0100000000000000000000
1111001110011000001001
0011100111011100100101
1101100111111001100100
0100000000000000000000
1101110001111001010110
0011011011111011111000
1100011000111100100101
0100000000000000000000
1100101011011011100011
0011001101111011001111
1100000000000000011001
0100000000000000000000
1100000100111110011100
0011000101111010111011
1100100100000100000111
0011111110111111001101
0011110100111101101011
0011111101011110110100
0011110001011101010011
0011110100111101101011
0010100010011001110100
0011100111011100100101
0010000011111001001000
0011100001111100001110
0000011001011000000010
0010111101111010101000
1111011010011000000101
0011000101111010111011
1110000111011000111100
0010000011111001001000
1101000010011010101000
0010100010011001110100
1100011110011100001110
0000111110011000001111
1100000000011111100110
0001111000111000111100
1100000001000000110010
1111110011011000000000
1100110010000100110000
0001001010011000010110
1100111010000101000100
1110101001111000011101
1111000001100111110000
0000011001011000000010
1110110101100111101001
1101100111111001100100
0001101101000111001110
