00000001000110101
11111111101011010
11111111110011001
00000001011110001
00000100000110001
00000110101101001
00001000010101011
00001000010111101
00000110110101010
00000100010011110
00000001110001000
00000000001011010
00000000001000101
00000001101000111
00000100000110001
00000110100010011
00000111111111111
00000111111000000
00000110001010111
00000011011111001
00000000110010100
11111111000010110
11111110110110011
00000000001101100
00000010100010000
00000100110101111
00000110001011001
00000101111011110
00000100000111100
00000001010101010
11111110100010100
11111100101101010
11111100011100010
11111101101111010
00000000000000000
00000010010000101
00000011100011101
00000011010010101
00000001011101011
11111110101010101
11111011111000011
11111010000100001
11111001110100110
11111011001010001
11111101011101111
11111111110010011
00000001001001100
00000000111101001
11111111001101011
11111100100000110
11111001110101000
11111000000111111
11111000000000000
11111001011101100
11111011111001110
11111110010111000
11111111110111010
11111111110100101
11111110001110111
11111011101100001
11111001001010101
11110111101000000
11110111101010100
11111001010010110
11111011111001110
11111110100001110
00000000001100110
00000000010100101
11111110111001010
11111100100000110
11111010001001001
11111000110000011
11111000111100110
11111010101110000
11111101011101111
00000000001110011
00000010000001100
00000010010000111
00000000111100101
11111110101010101
11111100011001001
11111011000101111
11111011010111001
11111101001100011
00000000000000000
00000010110011100
00000100101000110
00000100111010000
00000011100110110
00000001010101010
11111111000011010
11111101101111000
11111101111110011
11111111110001100
00000010100010000
00000101010001111
00000111000011001
00000111001111100
00000101110110110
00000011011111001
00000001000110101
11111111101011010
11111111110011001
00000001011110001
00000100000110001
00000110101101001
00001000010101011
00001000010111101
00000110110101010
00000100010011110
00000001110001000
00000000001011010
00000000001000101
00000001101000111
00000100000110001
00000110100010011
00000111111111111
00000111111000000
00000110001010111
00000011011111001
00000000110010100
11111111000010110
11111110110110011
00000000001101100
00000010100010000
00000100110101111
00000110001011001
00000101111011110
00000100000111100
00000001010101010
11111110100010100
11111100101101010
11111100011100010
11111101101111010
00000000000000000
00000010010000101
00000011100011101
00000011010010101
00000001011101011
11111110101010101
11111011111000011
11111010000100001
11111001110100110
11111011001010001
11111101011101111
11111111110010011
00000001001001100
00000000111101001
11111111001101011
11111100100000110
11111001110101000
11111000000111111
11111000000000000
11111001011101100
11111011111001110
11111110010111000
11111111110111010
11111111110100101
11111110001110111
11111011101100001
11111001001010101
11110111101000000
11110111101010100
11111001010010110
11111011111001110
11111110100001110
00000000001100110
00000000010100101
11111110111001010
11111100100000110
11111010001001001
11111000110000011
11111000111100110
11111010101110000
11111101011101111
00000000001110011
00000010000001100
00000010010000111
00000000111100101
11111110101010101
11111100011001001
11111011000101111
11111011010111001
11111101001100011
00000000000000000
00000010110011100
00000100101000110
00000100111010000
00000011100110110
00000001010101010
11111111000011010
11111101101111000
11111101111110011
11111111110001100
00000010100010000
00000101010001111
00000111000011001
00000111001111100
00000101110110110
00000011011111001
00000001000110101
11111111101011010
11111111110011001
00000001011110001
00000100000110001
00000110101101001
00001000010101011
00001000010111101
00000110110101010
00000100010011110
00000001110001000
00000000001011010
00000000001000101
00000001101000111
00000100000110001
00000110100010011
00000111111111111
00000111111000000
00000110001010111
00000011011111001
00000000110010100
11111111000010110
11111110110110011
00000000001101100
00000010100010000
00000100110101111
00000110001011001
00000101111011110
00000100000111100
00000001010101010
11111110100010100
11111100101101010
11111100011100010
11111101101111010
00000000000000000
00000010010000101
00000011100011101
00000011010010101
00000001011101011
11111110101010101
11111011111000011
11111010000100001
11111001110100110
11111011001010001
11111101011101111
11111111110010011
00000001001001100
00000000111101001
11111111001101011
11111100100000110
11111001110101000
11111000000111111
11111000000000000
11111001011101100
11111011111001110
11111110010111000
11111111110111010
11111111110100101
11111110001110111
11111011101100001
11111001001010101
11110111101000000
11110111101010100
11111001010010110
11111011111001110
11111110100001110
00000000001100110
00000000010100101
11111110111001010
11111100100000110
11111010001001001
11111000110000011
11111000111100110
11111010101110000
11111101011101111
00000000001110011
00000010000001100
00000010010000111
00000000111100101
11111110101010101
11111100011001001
11111011000101111
11111011010111001
11111101001100011
00000000000000000
00000010110011100
00000100101000110
00000100111010000
00000011100110110
00000001010101010
11111111000011010
11111101101111000
11111101111110011
11111111110001100
00000010100010000
00000101010001111
00000111000011001
00000111001111100
00000101110110110
00000011011111001
00000001000110101
11111111101011010
11111111110011001
00000001011110001
00000100000110001
00000110101101001
00001000010101011
00001000010111101
00000110110101010
00000100010011110
00000001110001000
00000000001011010
00000000001000101
00000001101000111
00000100000110001
00000110100010011
00000111111111111
00000111111000000
00000110001010111
00000011011111001
00000000110010100
11111111000010110
11111110110110011
00000000001101100
00000010100010000
00000100110101111
00000110001011001
00000101111011110
00000100000111100
00000001010101010
11111110100010100
11111100101101010
11111100011100010
11111101101111010
00000000000000000
00000010010000101
00000011100011101
00000011010010101
00000001011101011
11111110101010101
11111011111000011
11111010000100001
11111001110100110
11111011001010001
11111101011101111
11111111110010011
00000001001001100
00000000111101001
11111111001101011
11111100100000110
11111001110101000
11111000000111111
11111000000000000
11111001011101100
11111011111001110
11111110010111000
11111111110111010
11111111110100101
11111110001110111
11111011101100001
11111001001010101
11110111101000000
11110111101010100
11111001010010110
11111011111001110
11111110100001110
00000000001100110
00000000010100101
11111110111001010
11111100100000110
11111010001001001
11111000110000011
11111000111100110
11111010101110000
11111101011101111
00000000001110011
00000010000001100
00000010010000111
00000000111100101
11111110101010101
11111100011001001
11111011000101111
11111011010111001
11111101001100011
00000000000000000
00000010110011100
00000100101000110
00000100111010000
00000011100110110
00000001010101010
11111111000011010
11111101101111000
11111101111110011
11111111110001100
00000010100010000
00000101010001111
00000111000011001
00000111001111100
00000101110110110
00000011011111001
00000001000110101
11111111101011010
11111111110011001
00000001011110001
00000100000110001
00000110101101001
00001000010101011
00001000010111101
00000110110101010
00000100010011110
00000001110001000
00000000001011010
00000000001000101
00000001101000111
00000100000110001
00000110100010011
00000111111111111
00000111111000000
00000110001010111
00000011011111001
00000000110010100
11111111000010110
11111110110110011
00000000001101100
00000010100010000
00000100110101111
00000110001011001
00000101111011110
00000100000111100
00000001010101010
11111110100010100
11111100101101010
11111100011100010
11111101101111010
00000000000000000
00000010010000101
00000011100011101
00000011010010101
00000001011101011
11111110101010101
11111011111000011
11111010000100001
11111001110100110
11111011001010001
11111101011101111
11111111110010011
00000001001001100
00000000111101001
11111111001101011
11111100100000110
11111001110101000
11111000000111111
11111000000000000
11111001011101100
11111011111001110
11111110010111000
11111111110111010
11111111110100101
11111110001110111
11111011101100001
11111001001010101
11110111101000000
11110111101010100
11111001010010110
11111011111001110
11111110100001110
00000000001100110
00000000010100101
11111110111001010
11111100100000110
11111010001001001
11111000110000011
11111000111100110
11111010101110000
11111101011101111
00000000001110011
00000010000001100
00000010010000111
00000000111100101
11111110101010101
11111100011001001
11111011000101111
11111011010111001
11111101001100011
00000000000000000
00000010110011100
00000100101000110
00000100111010000
00000011100110110
00000001010101010
11111111000011010
11111101101111000
11111101111110011
11111111110001100
00000010100010000
00000101010001111
00000111000011001
00000111001111100
00000101110110110
00000011011111001
00000001000110101
11111111101011010
11111111110011001
00000001011110001
00000100000110001
00000110101101001
00001000010101011
00001000010111101
00000110110101010
00000100010011110
00000001110001000
00000000001011010
00000000001000101
00000001101000111
00000100000110001
00000110100010011
00000111111111111
00000111111000000
00000110001010111
00000011011111001
00000000110010100
11111111000010110
11111110110110011
00000000001101100
00000010100010000
00000100110101111
00000110001011001
00000101111011110
00000100000111100
00000001010101010
11111110100010100
11111100101101010
11111100011100010
11111101101111010
00000000000000000
00000010010000101
00000011100011101
00000011010010101
00000001011101011
11111110101010101
11111011111000011
11111010000100001
11111001110100110
11111011001010001
11111101011101111
11111111110010011
00000001001001100
00000000111101001
11111111001101011
11111100100000110
11111001110101000
11111000000111111
11111000000000000
11111001011101100
11111011111001110
11111110010111000
11111111110111010
11111111110100101
11111110001110111
11111011101100001
11111001001010101
11110111101000000
11110111101010100
11111001010010110
11111011111001110
11111110100001110
00000000001100110
00000000010100101
11111110111001010
11111100100000110
11111010001001001
11111000110000011
11111000111100110
11111010101110000
11111101011101111
00000000001110011
00000010000001100
00000010010000111
00000000111100101
11111110101010101
11111100011001001
11111011000101111
11111011010111001
11111101001100011
00000000000000000
00000010110011100
00000100101000110
00000100111010000
00000011100110110
00000001010101010
11111111000011010
11111101101111000
11111101111110011
11111111110001100
00000010100010000
00000101010001111
00000111000011001
00000111001111100
00000101110110110
00000011011111001
00000001000110101
11111111101011010
11111111110011001
00000001011110001
00000100000110001
00000110101101001
00001000010101011
00001000010111101
00000110110101010
00000100010011110
00000001110001000
00000000001011010
00000000001000101
00000001101000111
00000100000110001
00000110100010011
00000111111111111
00000111111000000
00000110001010111
00000011011111001
00000000110010100
11111111000010110
11111110110110011
00000000001101100
00000010100010000
00000100110101111
00000110001011001
00000101111011110
00000100000111100
00000001010101010
11111110100010100
11111100101101010
11111100011100010
11111101101111010
00000000000000000
00000010010000101
00000011100011101
00000011010010101
00000001011101011
11111110101010101
11111011111000011
11111010000100001
11111001110100110
11111011001010001
11111101011101111
11111111110010011
00000001001001100
00000000111101001
11111111001101011
11111100100000110
11111001110101000
11111000000111111
11111000000000000
11111001011101100
11111011111001110
11111110010111000
11111111110111010
11111111110100101
11111110001110111
11111011101100001
11111001001010101
11110111101000000
11110111101010100
11111001010010110
11111011111001110
11111110100001110
00000000001100110
00000000010100101
11111110111001010
11111100100000110
11111010001001001
11111000110000011
11111000111100110
11111010101110000
11111101011101111
00000000001110011
00000010000001100
00000010010000111
00000000111100101
11111110101010101
11111100011001001
11111011000101111
11111011010111001
11111101001100011
00000000000000000
00000010110011100
00000100101000110
00000100111010000
00000011100110110
00000001010101010
11111111000011010
11111101101111000
11111101111110011
11111111110001100
00000010100010000
00000101010001111
00000111000011001
00000111001111100
00000101110110110
00000011011111001
00000001000110101
11111111101011010
11111111110011001
00000001011110001
00000100000110001
00000110101101001
00001000010101011
00001000010111101
00000110110101010
00000100010011110
00000001110001000
00000000001011010
00000000001000101
00000001101000111
00000100000110001
00000110100010011
00000111111111111
00000111111000000
00000110001010111
00000011011111001
00000000110010100
11111111000010110
11111110110110011
00000000001101100
00000010100010000
00000100110101111
00000110001011001
00000101111011110
00000100000111100
00000001010101010
11111110100010100
11111100101101010
11111100011100010
11111101101111010
00000000000000000
00000010010000101
00000011100011101
00000011010010101
00000001011101011
11111110101010101
11111011111000011
11111010000100001
11111001110100110
11111011001010001
11111101011101111
11111111110010011
00000001001001100
00000000111101001
11111111001101011
11111100100000110
11111001110101000
11111000000111111
11111000000000000
11111001011101100
11111011111001110
11111110010111000
11111111110111010
11111111110100101
11111110001110111
11111011101100001
11111001001010101
11110111101000000
11110111101010100
11111001010010110
11111011111001110
11111110100001110
00000000001100110
00000000010100101
11111110111001010
11111100100000110
11111010001001001
11111000110000011
11111000111100110
11111010101110000
11111101011101111
00000000001110011
00000010000001100
00000010010000111
00000000111100101
11111110101010101
11111100011001001
11111011000101111
11111011010111001
11111101001100011
00000000000000000
00000010110011100
00000100101000110
00000100111010000
00000011100110110
00000001010101010
11111111000011010
11111101101111000
11111101111110011
11111111110001100
00000010100010000
00000101010001111
00000111000011001
00000111001111100
00000101110110110
00000011011111001
00000001000110101
11111111101011010
11111111110011001
00000001011110001
00000100000110001
00000110101101001
00001000010101011
00001000010111101
00000110110101010
00000100010011110
00000001110001000
00000000001011010
00000000001000101
00000001101000111
00000100000110001
00000110100010011
00000111111111111
00000111111000000
00000110001010111
00000011011111001
00000000110010100
11111111000010110
11111110110110011
00000000001101100
00000010100010000
00000100110101111
00000110001011001
00000101111011110
00000100000111100
00000001010101010
11111110100010100
11111100101101010
11111100011100010
11111101101111010
00000000000000000
00000010010000101
00000011100011101
00000011010010101
00000001011101011
11111110101010101
11111011111000011
11111010000100001
11111001110100110
11111011001010001
11111101011101111
11111111110010011
00000001001001100
00000000111101001
11111111001101011
11111100100000110
11111001110101000
11111000000111111
11111000000000000
11111001011101100
11111011111001110
11111110010111000
11111111110111010
11111111110100101
11111110001110111
11111011101100001
11111001001010101
11110111101000000
11110111101010100
11111001010010110
11111011111001110
11111110100001110
00000000001100110
00000000010100101
11111110111001010
11111100100000110
11111010001001001
11111000110000011
11111000111100110
11111010101110000
11111101011101111
00000000001110011
00000010000001100
00000010010000111
00000000111100101
11111110101010101
11111100011001001
11111011000101111
11111011010111001
11111101001100011
00000000000000000
00000010110011100
00000100101000110
00000100111010000
00000011100110110
00000001010101010
11111111000011010
11111101101111000
11111101111110011
11111111110001100
00000010100010000
00000101010001111
00000111000011001
00000111001111100
00000101110110110
00000011011111001
00000001000110101
11111111101011010
11111111110011001
00000001011110001
00000100000110001
00000110101101001
00001000010101011
00001000010111101
00000110110101010
00000100010011110
00000001110001000
00000000001011010
00000000001000101
00000001101000111
00000100000110001
00000110100010011
00000111111111111
00000111111000000
00000110001010111
00000011011111001
00000000110010100
11111111000010110
11111110110110011
00000000001101100
00000010100010000
00000100110101111
00000110001011001
00000101111011110
00000100000111100
00000001010101010
11111110100010100
11111100101101010
11111100011100010
11111101101111010
00000000000000000
00000010010000101
00000011100011101
00000011010010101
00000001011101011
11111110101010101
11111011111000011
11111010000100001
11111001110100110
11111011001010001
11111101011101111
11111111110010011
00000001001001100
00000000111101001
11111111001101011
11111100100000110
11111001110101000
11111000000111111
11111000000000000
11111001011101100
11111011111001110
11111110010111000
11111111110111010
11111111110100101
11111110001110111
11111011101100001
11111001001010101
11110111101000000
11110111101010100
11111001010010110
11111011111001110
11111110100001110
00000000001100110
00000000010100101
11111110111001010
00000000000000000
00000000000000000
00000000000000000
00000000000000000
00000000000000000
00000000000000000
00000000000000000
00000000000000000
00000000000000000
00000000000000000
00000000000000000
00000000000000000
00000000000000000
00000000000000000
00000000000000000
00000000000000000
00000000000000000
00000000000000000
00000000000000000
00000000000000000
00000000000000000
00000000000000000
00000000000000000
00000000000000000
00000000000000000
00000000000000000
00000000000000000
00000000000000000
00000000000000000
00000000000000000
00000000000000000
