000000000000
001010101110
010001101110
010010110000
001101110010
000101000110
111100011000
110111010110
111000010001
111111001001
001001101011
010100001011
011010111100
011011101011
010110011000
001101010101
000100001110
111110110001
111111001111
000101101000
001111101010
011001101000
011111110110
011111111111
011010000111
010000011110
000110110000
000000101011
000000100001
000110010001
001111101010
011000111111
011110100100
011110000110
010111100101
001101010101
000011000001
111100010110
111011100111
000000110100
001001101011
010010100000
010111100110
010110101011
001111101111
000101000110
111010011011
110011011011
110010011010
110111010111
000000000000
001000101001
001101100110
001100100101
000101100101
111010111010
110000010001
101001010101
101000011010
101101100000
110110010101
111111001100
000100011001
000011101010
111100111111
110010101011
101000011011
100001111010
100001011100
100111000001
110000010110
111001101111
111111011111
111111010101
111001010000
101111100010
100101111001
100000000000
100000001010
100110011000
110000010110
111010011000
000000110001
000001001111
111011110010
110010101011
101001101000
100100010101
100101000100
101011110101
110110010101
000000110111
000111101111
001000101010
000011101000
111010111010
110010001110
101101010000
101110010010
110101010010
000000000000
001010101110
010001101110
010010110000
001101110010
000101000110
111100011000
110111010110
111000010001
111111001001
001001101011
010100001011
011010111100
011011101011
010110011000
001101010101
000100001110
111110110001
111111001111
000101101000
001111101010
011001101000
011111110110
011111111111
011010000111
010000011110
000110110000
000000101011
000000100001
000110010001
001111101010
011000111111
011110100100
011110000110
010111100101
001101010101
000011000001
111100010110
111011100111
000000110100
001001101011
010010100000
010111100110
010110101011
001111101111
000101000110
111010011011
110011011011
110010011010
110111010111
000000000000
001000101001
001101100110
001100100101
000101100101
111010111010
110000010001
101001010101
101000011010
101101100000
110110010101
111111001100
000100011001
000011101010
111100111111
110010101011
101000011011
100001111010
100001011100
100111000001
110000010110
111001101111
111111011111
111111010101
111001010000
101111100010
100101111001
100000000000
100000001010
100110011000
110000010110
111010011000
000000110001
000001001111
111011110010
110010101011
101001101000
100100010101
100101000100
101011110101
110110010101
000000110111
000111101111
001000101010
000011101000
111010111010
110010001110
101101010000
101110010010
110101010010
000000000000
001010101110
010001101110
010010110000
001101110010
000101000110
111100011000
110111010110
111000010001
111111001001
001001101011
010100001011
011010111100
011011101011
010110011000
001101010101
000100001110
111110110001
111111001111
000101101000
001111101010
011001101000
011111110110
011111111111
011010000111
010000011110
000110110000
000000101011
000000100001
000110010001
001111101010
011000111111
011110100100
011110000110
010111100101
001101010101
000011000001
111100010110
111011100111
000000110100
001001101011
010010100000
010111100110
010110101011
001111101111
000101000110
111010011011
110011011011
110010011010
110111010111
000000000000
001000101001
001101100110
001100100101
000101100101
111010111010
110000010001
101001010101
101000011010
101101100000
110110010101
111111001100
000100011001
000011101010
111100111111
110010101011
101000011011
100001111010
100001011100
100111000001
110000010110
111001101111
111111011111
111111010101
111001010000
101111100010
100101111001
100000000000
100000001010
100110011000
110000010110
111010011000
000000110001
000001001111
111011110010
110010101011
101001101000
100100010101
100101000100
101011110101
110110010101
000000110111
000111101111
001000101010
000011101000
111010111010
110010001110
101101010000
101110010010
110101010010
000000000000
001010101110
010001101110
010010110000
001101110010
000101000110
111100011000
110111010110
111000010001
111111001001
001001101011
010100001011
011010111100
011011101011
010110011000
001101010101
000100001110
111110110001
111111001111
000101101000
001111101010
011001101000
011111110110
011111111111
011010000111
010000011110
000110110000
000000101011
000000100001
000110010001
001111101010
011000111111
011110100100
011110000110
010111100101
001101010101
000011000001
111100010110
111011100111
000000110100
001001101011
010010100000
010111100110
010110101011
001111101111
000101000110
111010011011
110011011011
110010011010
110111010111
000000000000
001000101001
001101100110
001100100101
000101100101
111010111010
110000010001
101001010101
101000011010
101101100000
110110010101
111111001100
000100011001
000011101010
111100111111
110010101011
101000011011
100001111010
100001011100
100111000001
110000010110
111001101111
111111011111
111111010101
111001010000
101111100010
100101111001
100000000000
100000001010
100110011000
110000010110
111010011000
000000110001
000001001111
111011110010
110010101011
101001101000
100100010101
100101000100
101011110101
110110010101
000000110111
000111101111
001000101010
000011101000
111010111010
110010001110
101101010000
101110010010
110101010010
000000000000
001010101110
010001101110
010010110000
001101110010
000101000110
111100011000
110111010110
111000010001
111111001001
001001101011
010100001011
011010111100
011011101011
010110011000
001101010101
000100001110
111110110001
111111001111
000101101000
001111101010
011001101000
011111110110
011111111111
011010000111
010000011110
000110110000
000000101011
000000100001
000110010001
001111101010
011000111111
011110100100
011110000110
010111100101
001101010101
000011000001
111100010110
111011100111
000000110100
001001101011
010010100000
010111100110
010110101011
001111101111
000101000110
111010011011
110011011011
110010011010
110111010111
000000000000
001000101001
001101100110
001100100101
000101100101
111010111010
110000010001
101001010101
101000011010
101101100000
110110010101
111111001100
000100011001
000011101010
111100111111
110010101011
101000011011
100001111010
100001011100
100111000001
110000010110
111001101111
111111011111
111111010101
111001010000
101111100010
100101111001
100000000000
100000001010
100110011000
110000010110
111010011000
000000110001
000001001111
111011110010
110010101011
101001101000
100100010101
100101000100
101011110101
110110010101
000000110111
000111101111
001000101010
000011101000
111010111010
110010001110
101101010000
101110010010
110101010010
000000000000
001010101110
010001101110
010010110000
001101110010
000101000110
111100011000
110111010110
111000010001
111111001001
001001101011
010100001011
011010111100
011011101011
010110011000
001101010101
000100001110
111110110001
111111001111
000101101000
001111101010
011001101000
011111110110
011111111111
011010000111
010000011110
000110110000
000000101011
000000100001
000110010001
001111101010
011000111111
011110100100
011110000110
010111100101
001101010101
000011000001
111100010110
111011100111
000000110100
001001101011
010010100000
010111100110
010110101011
001111101111
000101000110
111010011011
110011011011
110010011010
110111010111
000000000000
001000101001
001101100110
001100100101
000101100101
111010111010
110000010001
101001010101
101000011010
101101100000
110110010101
111111001100
000100011001
000011101010
111100111111
110010101011
101000011011
100001111010
100001011100
100111000001
110000010110
111001101111
111111011111
111111010101
111001010000
101111100010
100101111001
100000000000
100000001010
100110011000
110000010110
111010011000
000000110001
000001001111
111011110010
110010101011
101001101000
100100010101
100101000100
101011110101
110110010101
000000110111
000111101111
001000101010
000011101000
111010111010
110010001110
101101010000
101110010010
110101010010
000000000000
001010101110
010001101110
010010110000
001101110010
000101000110
111100011000
110111010110
111000010001
111111001001
001001101011
010100001011
011010111100
011011101011
010110011000
001101010101
000100001110
111110110001
111111001111
000101101000
001111101010
011001101000
011111110110
011111111111
011010000111
010000011110
000110110000
000000101011
000000100001
000110010001
001111101010
011000111111
011110100100
011110000110
010111100101
001101010101
000011000001
111100010110
111011100111
000000110100
001001101011
010010100000
010111100110
010110101011
001111101111
000101000110
111010011011
110011011011
110010011010
110111010111
000000000000
001000101001
001101100110
001100100101
000101100101
111010111010
110000010001
101001010101
101000011010
101101100000
110110010101
111111001100
000100011001
000011101010
111100111111
110010101011
101000011011
100001111010
100001011100
100111000001
110000010110
111001101111
111111011111
111111010101
111001010000
101111100010
100101111001
100000000000
100000001010
100110011000
110000010110
111010011000
000000110001
000001001111
111011110010
110010101011
101001101000
100100010101
100101000100
101011110101
110110010101
000000110111
000111101111
001000101010
000011101000
111010111010
110010001110
101101010000
101110010010
110101010010
000000000000
001010101110
010001101110
010010110000
001101110010
000101000110
111100011000
110111010110
111000010001
111111001001
001001101011
010100001011
011010111100
011011101011
010110011000
001101010101
000100001110
111110110001
111111001111
000101101000
001111101010
011001101000
011111110110
011111111111
011010000111
010000011110
000110110000
000000101011
000000100001
000110010001
001111101010
011000111111
011110100100
011110000110
010111100101
001101010101
000011000001
111100010110
111011100111
000000110100
001001101011
010010100000
010111100110
010110101011
001111101111
000101000110
111010011011
110011011011
110010011010
110111010111
000000000000
001000101001
001101100110
001100100101
000101100101
111010111010
110000010001
101001010101
101000011010
101101100000
110110010101
111111001100
000100011001
000011101010
111100111111
110010101011
101000011011
100001111010
100001011100
100111000001
110000010110
111001101111
111111011111
111111010101
111001010000
101111100010
100101111001
100000000000
100000001010
100110011000
110000010110
111010011000
000000110001
000001001111
111011110010
110010101011
101001101000
100100010101
100101000100
101011110101
110110010101
000000110111
000111101111
001000101010
000011101000
111010111010
110010001110
101101010000
101110010010
110101010010
000000000000
001010101110
010001101110
010010110000
001101110010
000101000110
111100011000
110111010110
111000010001
111111001001
001001101011
010100001011
011010111100
011011101011
010110011000
001101010101
000100001110
111110110001
111111001111
000101101000
001111101010
011001101000
011111110110
011111111111
011010000111
010000011110
000110110000
000000101011
000000100001
000110010001
001111101010
011000111111
011110100100
011110000110
010111100101
001101010101
000011000001
111100010110
111011100111
000000110100
001001101011
010010100000
010111100110
010110101011
001111101111
000101000110
111010011011
110011011011
110010011010
110111010111
000000000000
001000101001
001101100110
001100100101
000101100101
111010111010
110000010001
101001010101
101000011010
101101100000
110110010101
111111001100
000100011001
000011101010
111100111111
110010101011
101000011011
100001111010
100001011100
100111000001
110000010110
111001101111
111111011111
111111010101
111001010000
101111100010
100101111001
100000000000
100000001010
100110011000
110000010110
111010011000
000000110001
000001001111
111011110010
110010101011
101001101000
100100010101
100101000100
101011110101
110110010101
000000110111
000111101111
001000101010
000011101000
111010111010
110010001110
101101010000
101110010010
110101010010
000000000000
001010101110
010001101110
010010110000
001101110010
000101000110
111100011000
110111010110
111000010001
111111001001
001001101011
010100001011
011010111100
011011101011
010110011000
001101010101
000100001110
111110110001
111111001111
000101101000
001111101010
011001101000
011111110110
011111111111
011010000111
010000011110
000110110000
000000101011
000000100001
000110010001
001111101010
011000111111
011110100100
011110000110
010111100101
001101010101
000011000001
111100010110
111011100111
000000110100
001001101011
010010100000
010111100110
010110101011
001111101111
000101000110
111010011011
110011011011
110010011010
110111010111
000000000000
001000101001
001101100110
001100100101
000101100101
111010111010
110000010001
101001010101
101000011010
101101100000
110110010101
111111001100
000100011001
000011101010
111100111111
110010101011
101000011011
100001111010
100001011100
100111000001
110000010110
111001101111
111111011111
111111010101
111001010000
101111100010
100101111001
100000000000
100000001010
100110011000
110000010110
111010011000
000000110001
000001001111
111011110010
110010101011
101001101000
100100010101
100101000100
101011110101
110110010101
000000110111
000111101111
001000101010
000011101000
111010111010
110010001110
101101010000
101110010010
110101010010
